INSERT OR REPLACE INTO NOTES (ID, Name)
VALUES
(0,'A'),
(1,'A#'),
(2,'B'),
(3,'C'),
(4,'C#'),
(5,'D'),
(6,'D#'),
(7,'E'),
(8,'F'),
(9,'F#'),
(10,'G'),
(11,'G#');

INSERT OR REPLACE INTO SCALES (ID, Name)
VALUES
(0,'C Major'),
(1,'G Major'),
(2,'D Major'),
(3,'A Major'),
(4,'E Major'),
(5,'B Major'),
(6,'F# Major'),
(7, 'Db Major'),
(8, 'Ab Major'),
(9, 'Eb Major'),
(10, 'Bb Major'),
(11, 'F Major');

INSERT OR REPLACE INTO SCALE_NOTE_MAP (ScaleID, NoteID)
VALUES
(0,0),
(0,2),
(0,3),
(0,5),
(0,7),
(0,8),
(0,10),
(1,0),
(1,2),
(1,3),
(1,5),
(1,7),
(1,9),
(1,10),
(2,0),
(2,2),
(2,4),
(2,5),
(2,7),
(2,9),
(2,10),
(3,0),
(3,2),
(3,4),
(3,5),
(3,7),
(3,9),
(3,11),
(4,0),
(4,2),
(4,4),
(4,6),
(4,7),
(4,9),
(4,11),
(5,1),
(5,2),
(5,4),
(5,6),
(5,7),
(5,9),
(5,11),
(6,1),
(6,2),
(6,4),
(6,6),
(6,7),
(6,9),
(6,11),
(7,1),
(7,2),
(7,4),
(7,6),
(7,8),
(7,9),
(7,11),
(8,1),
(8,3),
(8,4),
(8,6),
(8,8),
(8,9),
(8,11),
(9,1),
(9,3),
(9,4),
(9,6),
(9,8),
(9,10),
(9,11),
(10,0),
(10,1),
(10,3),
(10,4),
(10,6),
(10,8),
(10,10),
(11,0),
(11,1),
(11,3),
(11,4),
(11,7),
(11,8),
(11,10);

INSERT OR REPLACE INTO NOTE_FREQUENCIES (NoteID, Octave, Freq)
VALUES
(3,0,16.35),
(4,0,17.32),
(5,0,18.35),
(6,0,19.45),
(7,0,20.6),
(8,0,21.83),
(9,0,23.12),
(10,0,24.5),
(11,0,25.96),
(0,0,27.5),
(1,0,29.14),
(2,0,30.87),
(3,1,32.7),
(4,1,34.65),
(5,1,36.71),
(6,1,38.89),
(7,1,41.2),
(8,1,43.65),
(9,1,46.25),
(10,1,49),
(11,1,51.91),
(0,1,55),
(1,1,58.27),
(2,1,61.74),
(3,2,65.41),
(4,2,69.3),
(5,2,73.42),
(6,2,77.78),
(7,2,82.41),
(8,2,87.31),
(9,2,92.5),
(10,2,98),
(11,2,103.83),
(0,2,110),
(1,2,116.54),
(2,2,123.47),
(3,3,130.81),
(4,3,138.59),
(5,3,146.83),
(6,3,155.56),
(7,3,164.81),
(8,3,174.61),
(9,3,185),
(10,3,196),
(11,3,207.65),
(0,3,220),
(1,3,233.08),
(2,3,246.94),
(3,4,261.63),
(4,4,277.18),
(5,4,293.66),
(6,4,311.13),
(7,4,329.63),
(8,4,349.23),
(9,4,369.99),
(10,4,392),
(11,4,415.3),
(0,4,440),
(1,4,466.16),
(2,4,493.88),
(3,5,523.25),
(4,5,554.37),
(5,5,587.33),
(6,5,622.25),
(7,5,659.25),
(8,5,698.46),
(9,5,739.99),
(10,5,783.99),
(11,5,830.61),
(0,5,880),
(1,5,932.33),
(2,5,987.77),
(3,6,1046.5),
(4,6,1108.73),
(5,6,1174.66),
(6,6,1244.51),
(7,6,1318.51),
(8,6,1396.91),
(9,6,1479.98),
(10,6,1567.98),
(11,6,1661.22),
(0,6,1760),
(1,6,1864.66),
(2,6,1975.53),
(3,7,2093),
(4,7,2217.46),
(5,7,2349.32),
(6,7,2489.02),
(7,7,2637.02),
(8,7,2793.83),
(9,7,2959.96),
(10,7,3135.96),
(11,7,3322.44),
(0,7,3520),
(1,7,3729.31),
(2,7,3951.07),
(3,8,4186.01),
(4,8,4434.92),
(5,8,4698.63),
(6,8,4978.03),
(7,8,5274.04),
(8,8,5587.65),
(9,8,5919.91),
(10,8,6271.93),
(11,8,6644.88),
(0,8,7040),
(1,8,7458.62),
(2,8,7902.13);