0,1975.53,831
1,1975.53,836
2,1975.53,853
3,1975.53,863
4,1975.53,1489
5,1975.53,1351
0,1864.66,902
1,1864.66,917
2,1864.66,938
3,1864.66,931
4,1864.66,1610
5,1864.66,1464
0,1760,977
1,1760,994
2,1760,1016
3,1760,1001
4,1760,1711
5,1760,1551
0,1661.22,1049
1,1661.22,1069
2,1661.22,1087
3,1661.22,1092
4,1661.22,1847
5,1661.22,1677
0,1567.98,1125
1,1567.98,1150
2,1567.98,1174
3,1567.98,1175
4,1567.98,1998
5,1567.98,1812
0,1479.98,1216
1,1479.98,1231
2,1479.98,1269
3,1479.98,1255
4,1479.98,2114
5,1479.98,1917
0,1396.91,1309
1,1396.91,1315
2,1396.91,1351
3,1396.91,1358
4,1396.91,2284
5,1396.91,2073
0,1318.51,1401
1,1318.51,1423
2,1318.51,1458
3,1318.51,1456
4,1318.51,2417
5,1318.51,2197
0,1244.51,1503
1,1244.51,1525
2,1244.51,1582
3,1244.51,1568
4,1244.51,2621
5,1244.51,2330
0,1174.66,1609
1,1174.66,1657
2,1174.66,1684
3,1174.66,1669
4,1174.66,2829
5,1174.66,2518
0,1108.73,1757
1,1108.73,1764
2,1108.73,1788
3,1108.73,1768
4,1108.73,3002
5,1108.73,2718
0,1046.5,1868
1,1046.5,1890
2,1046.5,1931
3,1046.5,1927
4,1046.5,3244
5,1046.5,2884
0,987.77,2015
1,987.77,2024
2,987.77,2091
3,987.77,2072
4,987.77,3507
5,987.77,3117
0,932.33,2161
1,932.33,2185
2,932.33,2234
3,932.33,2220
4,932.33,3718
5,932.33,3296
0,880,2315
1,880,2327
2,880,2402
3,880,2373
4,880,4020
5,880,3503
0,830.61,2474
1,830.61,2487
2,830.61,2585
3,830.61,2548
4,830.61,4258
5,830.61,3784
0,783.99,2665
1,783.99,2691
2,783.99,2745
3,783.99,2731
4,783.99,4601
5,783.99,4009
0,739.99,2861
1,739.99,2858
2,739.99,2960
3,739.99,2933
4,739.99,4975
5,739.99,4332
0,698.46,3081
1,698.46,3087
2,698.46,3137
3,698.46,3110
4,698.46,5263
5,698.46,4681
0,659.25,3225
1,659.25,3312
2,659.25,3382
3,659.25,3322
4,659.25,5691
5,659.25,4959
0,622.25,3523
1,622.25,3553
2,622.25,3650
3,622.25,3579
4,622.25,6038
5,622.25,5364
0,587.33,3770
1,587.33,3806
2,587.33,3898
3,587.33,3876
4,587.33,6523
5,587.33,5683
0,554.37,4037
1,554.37,4074
2,554.37,4174
3,554.37,4172
4,554.37,7046
5,554.37,6140
0,523.25,4367
1,523.25,4364
2,523.25,4488
3,523.25,4424
4,523.25,7465
5,523.25,6505
0,493.88,4708
1,493.88,4735
2,493.88,4833
3,493.88,4815
4,493.88,8071
5,493.88,7028
0,466.16,5040
1,466.16,5067
2,466.16,5169
3,466.16,5119
4,466.16,8553
5,466.16,7444
0,440,5431
1,440,5413
2,440,5535
3,440,5506
4,440,9245
5,440,8047
0,415.3,5799
1,415.3,5801
2,415.3,5920
3,415.3,5924
4,415.3,9800
5,415.3,8704
0,392,6275
1,392,6245
2,392,6438
3,392,6393
4,392,10589
5,392,9212
0,369.99,6644
1,369.99,6781
2,369.99,6840
3,369.99,6846
4,369.99,11414
5,369.99,9967
0,349.23,7207
1,349.23,7179
2,349.23,7421
3,349.23,7451
4,349.23,12127
5,349.23,10560
0,329.63,7682
1,329.63,7687
2,329.63,7967
3,329.63,7831
4,329.63,13083
5,329.63,11404
0,311.13,8337
1,311.13,8266
2,311.13,8550
3,311.13,8495
4,311.13,13884
5,311.13,12091
0,293.66,8933
1,293.66,8885
2,293.66,9147
3,293.66,9139
4,293.66,14701
5,293.66,12814
0,277.18,9467
1,277.18,9555
2,277.18,9843
3,277.18,9789
4,277.18,15903
5,277.18,13837
0,261.63,10207
1,261.63,10371
2,261.63,10484
3,261.63,10479
4,261.63,16840
5,261.63,14670
0,246.94,11042
1,246.94,10999
2,246.94,11218
3,246.94,11163
4,246.94,18193
5,246.94,15546
0,233.08,11889
1,233.08,11760
2,233.08,11997
3,233.08,12114
4,233.08,19280
5,233.08,16451
0,220,12630
1,220,12531
2,220,12952
3,220,12717
4,220,20438
5,220,17780
0,207.65,13479
1,207.65,13454
2,207.65,13949
3,207.65,13790
4,207.65,21663
5,207.65,18862
0,196,14421
1,196,14557
2,196,14907
3,196,14761
4,196,23412
5,196,19985
0,185,15430
1,185,15499
2,185,15816
3,185,15888
4,185,24803
5,185,21164
0,174.61,16423
1,174.61,16670
2,174.61,16918
3,174.61,16760
4,174.61,26284
5,174.61,22437
0,164.81,17784
1,164.81,17649
2,164.81,17996
3,164.81,17833
4,164.81,27781
5,164.81,23766
0,155.56,18610
1,155.56,18879
2,155.56,19269
3,155.56,19325
4,155.56,30029
5,155.56,25184
0,146.83,20020
1,146.83,19950
2,146.83,20621
3,146.83,20396
4,146.83,31881
5,146.83,26680
0,138.59,21424
1,138.59,21413
2,138.59,21860
3,138.59,21707
4,138.59,33783
5,138.59,28259
0,130.81,22677
1,130.81,23025
2,130.81,23268
3,130.81,23270
4,130.81,35794
5,130.81,29941
0,123.47,24167
1,123.47,24244
2,123.47,24879
3,123.47,24784
4,123.47,37919
5,123.47,31610
0,116.54,25724
1,116.54,25736
2,116.54,26241
3,116.54,26454
4,116.54,40183
5,116.54,32955
0,110,27809
1,110,27821
2,110,28096
3,110,28503
4,110,42569
5,110,34925
0,103.83,29315
1,103.83,29561
2,103.83,30066
3,103.83,29766
4,103.83,45105
5,103.83,37005
0,98,31338
1,98,31216
2,98,31856
3,98,32085
4,98,47788
5,98,39190
0,92.5,33475
1,92.5,33250
2,92.5,33889
3,92.5,33747
4,92.5,50631
5,92.5,40708
0,87.31,35228
1,87.31,35212
2,87.31,35970
3,87.31,35956
4,87.31,53644
5,87.31,43149
0,82.41,37291
1,82.41,37323
2,82.41,38260
3,82.41,38054
4,82.41,56765
5,82.41,45581
0,77.78,39741
1,77.78,39741
2,77.78,40811
3,77.78,40318
4,77.78,60039
5,77.78,47785
0,73.42,41857
1,73.42,42294
2,73.42,42943
3,73.42,42712
4,73.42,62542
5,73.42,50157
0,69.3,44589
1,69.3,44830
2,69.3,45831
3,69.3,45773
4,69.3,66266
5,69.3,52234
0,65.41,47623
1,65.41,47241
2,65.41,48186
3,65.41,48720
4,65.41,70064
5,65.41,55319
