100,50,253,194,
101,50,253,194,
102,50,253,194,
103,50,253,194,
104,50,253,194,
105,50,253,194,
106,50,253,194,
107,50,253,194,
108,50,253,194,
109,50,253,194,
110,50,253,194,
111,50,253,194,
112,50,253,194,
113,50,253,194,
114,50,253,194,
115,50,253,194,
116,50,253,194,
117,50,253,194,
118,50,253,194,
119,50,253,194,
120,50,253,194,
121,50,253,194,
122,50,253,194,
123,50,253,194,
124,50,253,194,
125,50,253,194,
126,50,253,194,
127,50,253,194,
128,50,253,194,
129,50,253,194,
130,50,253,194,
131,50,253,194,
132,50,253,194,
133,50,253,194,
134,50,253,194,
135,50,253,194,
136,50,253,194,
137,50,253,194,
138,50,253,194,
139,50,253,194,
140,50,253,194,
141,50,253,194,
142,50,253,194,
143,50,253,194,
144,50,253,194,
145,50,253,194,
146,50,253,194,
147,50,253,194,
148,50,248,167,
149,50,248,167,
150,50,248,167,
151,50,248,167,
152,50,248,167,
153,50,236,158,
154,50,236,158,
155,50,236,158,
156,50,236,158,
157,50,236,158,
158,50,236,158,
159,50,236,158,
160,50,236,158,
161,50,236,158,
162,50,236,158,
163,50,236,158,
164,50,236,158,
165,50,236,158,
166,50,236,158,
167,50,220,145,
168,50,220,145,
169,50,215,146,
170,50,215,146,
171,50,215,146,
172,50,215,146,
173,50,215,146,
174,50,215,146,
175,50,215,146,
176,50,209,157,
177,50,209,157,
178,50,209,157,
179,50,209,157,
180,50,199,138,
181,50,199,138,
182,50,199,138,
183,50,199,138,
184,50,199,138,
185,50,199,138,
186,50,199,138,
187,50,199,138,
188,50,199,138,
189,50,199,138,
190,50,199,138,
191,50,199,138,
192,50,199,138,
193,50,199,138,
194,50,199,138,
195,50,199,138,
196,50,186,132,
197,50,186,125,
198,50,186,125,
199,50,186,125,
200,50,186,125,
201,50,186,125,
202,50,186,125,
203,50,186,125,
204,50,186,125,
205,50,186,125,
206,50,186,125,
207,50,186,125,
208,50,186,125,
209,50,172,127,
210,50,172,127,
211,50,172,127,
212,50,172,127,
213,50,172,127,
214,50,172,127,
215,50,172,127,
216,50,172,127,
217,50,164,120,
218,50,164,120,
219,50,164,120,
220,50,164,120,
221,50,164,120,
222,50,164,120,
223,50,164,120,
224,50,164,120,
225,50,164,120,
226,50,164,120,
227,50,158,125,
228,50,158,125,
229,50,158,125,
230,50,158,125,
231,50,158,125,
232,50,154,112,
233,50,154,112,
234,50,154,112,
235,50,154,112,
236,50,154,112,
237,50,154,112,
238,50,154,112,
239,50,154,112,
240,50,154,112,
241,50,154,112,
242,50,154,112,
243,50,154,112,
244,50,144,113,
245,50,144,113,
246,50,144,113,
247,50,144,113,
248,50,144,113,
249,50,144,113,
250,50,144,113,
251,50,144,113,
252,50,144,113,
253,50,144,113,
254,50,144,113,
255,50,144,113,
256,50,144,113,
257,50,138,99,
258,50,138,99,
259,50,138,99,
260,50,138,99,
261,50,138,99,
262,50,138,99,
263,50,138,99,
264,50,138,99,
265,50,138,99,
266,50,138,99,
267,50,138,99,
268,50,138,99,
269,50,138,99,
270,50,138,99,
271,50,138,99,
272,50,138,99,
273,50,138,99,
274,50,138,99,
275,50,138,99,
276,50,138,99,
277,50,138,99,
278,50,138,99,
279,50,138,99,
280,50,138,99,
281,50,138,99,
282,50,138,99,
283,50,138,99,
284,50,138,99,
285,50,138,99,
286,50,138,99,
287,50,138,99,
288,50,138,99,
289,50,138,99,
290,50,138,99,
291,50,138,99,
292,50,238,78,
293,50,238,78,
294,50,238,78,
295,50,238,78,
296,50,238,78,
297,50,238,78,
298,50,238,78,
299,50,238,78,
300,50,238,78,
301,50,238,78,
302,50,238,78,
303,50,238,78,
304,50,238,78,
305,50,238,78,
306,50,238,78,
307,50,238,78,
308,50,238,78,
309,50,238,78,
310,50,238,78,
311,50,238,78,
312,50,238,78,
313,50,238,78,
314,50,238,78,
315,50,238,78,
316,50,238,78,
317,50,238,78,
318,50,238,78,
319,50,238,78,
320,50,238,78,
321,50,238,78,
322,50,238,78,
323,50,238,78,
324,50,238,78,
325,50,238,78,
326,50,225,61,
327,50,225,61,
328,50,225,61,
329,50,225,61,
330,50,225,61,
331,50,225,61,
332,50,225,61,
333,50,225,61,
334,50,216,80,
335,50,216,80,
336,50,216,80,
337,50,216,80,
338,50,216,80,
339,50,216,80,
340,50,216,80,
341,50,216,80,
342,50,216,80,
343,50,212,75,
344,50,212,75,
345,50,212,75,
346,50,103,73,
347,50,103,73,
348,50,103,73,
349,50,103,73,
350,50,101,76,
351,50,101,76,
352,50,101,76,
353,50,101,76,
354,50,101,76,
355,50,101,76,
356,50,101,76,
357,50,101,76,
358,50,101,76,
359,50,101,76,
360,50,101,76,
361,50,101,76,
362,50,101,76,
363,50,101,76,
364,50,101,76,
365,50,101,76,
366,50,101,76,
367,50,101,76,
368,50,101,76,
369,50,101,76,
370,50,101,76,
371,50,101,76,
372,50,101,76,
373,50,101,76,
374,50,101,76,
375,50,101,76,
376,50,101,76,
377,50,101,76,
378,50,177,62,
379,50,177,62,
380,50,177,62,
381,50,177,62,
382,50,177,62,
383,50,177,62,
384,50,177,62,
385,50,177,62,
386,50,177,62,
387,50,177,62,
388,50,177,62,
389,50,177,62,
390,50,177,62,
391,50,177,62,
392,50,177,62,
393,50,177,62,
394,50,177,62,
395,50,177,62,
396,50,177,62,
397,50,177,62,
398,50,177,62,
399,50,177,62,
400,50,177,62,
401,50,177,62,
402,50,177,62,
403,50,177,62,
404,50,177,62,
405,50,177,62,
406,50,177,62,
407,50,177,62,
408,50,177,62,
409,50,177,62,
410,50,177,62,
411,50,177,62,
412,50,177,62,
413,50,177,62,
414,50,177,62,
415,50,177,62,
416,50,177,62,
417,50,177,62,
418,50,177,62,
419,50,177,62,
420,50,177,62,
421,50,177,62,
422,50,177,62,
423,50,177,62,
424,50,177,62,
425,50,177,62,
426,50,177,62,
427,50,177,62,
428,50,177,62,
429,50,81,56,
430,50,81,56,
431,50,81,56,
432,50,81,56,
433,50,81,56,
434,50,81,56,
435,50,81,56,
436,50,81,56,
437,50,81,56,
438,50,81,56,
439,50,81,56,
440,50,81,56,
441,50,81,56,
442,50,81,56,
443,50,81,56,
444,50,81,56,
445,50,81,56,
446,50,81,56,
447,50,81,56,
448,50,81,56,
449,50,81,56,
450,50,81,56,
451,50,81,56,
452,50,81,56,
453,50,81,56,
454,50,81,56,
455,50,81,56,
456,50,73,53,
457,50,73,53,
458,50,73,53,
459,50,73,53,
460,50,73,53,
461,50,73,53,
462,50,73,53,
463,50,73,53,
464,50,73,53,
465,50,73,53,
466,50,73,53,
467,50,73,53,
468,50,73,53,
469,50,73,53,
470,50,73,53,
471,50,73,53,
472,50,73,53,
473,50,73,53,
474,50,73,53,
475,50,73,53,
476,50,73,53,
477,50,73,53,
478,50,73,53,
479,50,73,53,
480,50,73,53,
481,50,73,53,
482,50,73,53,
483,50,73,53,
484,50,73,53,
485,50,73,53,
486,50,73,53,
487,50,73,53,
488,50,73,53,
489,50,73,53,
490,50,73,53,
491,50,73,53,
492,50,73,53,
493,50,73,53,
494,50,73,53,
495,50,73,53,
496,50,73,53,
497,50,73,53,
498,50,140,45,
499,50,140,45,
500,50,140,45,
501,50,140,45,
502,50,140,45,
503,50,140,45,
504,50,140,45,
505,50,140,45,
506,50,140,45,
507,50,140,45,
508,50,140,45,
509,50,140,45,
510,50,140,45,
511,50,140,45,
512,50,140,45,
513,50,140,45,
514,50,140,45,
515,50,140,45,
516,50,140,45,
517,50,140,45,
518,50,140,45,
519,50,140,45,
520,50,140,45,
521,50,140,45,
522,50,140,45,
523,50,140,45,
524,50,140,45,
525,50,140,45,
526,50,140,45,
527,50,140,45,
528,50,140,45,
529,50,140,45,
530,50,140,45,
531,50,140,45,
532,50,140,45,
533,50,140,45,
534,50,140,45,
535,50,140,45,
536,50,140,45,
537,50,140,45,
538,50,140,45,
539,50,140,45,
540,50,140,45,
541,50,140,45,
542,50,140,45,
543,50,140,45,
544,50,140,45,
545,50,140,45,
546,50,140,45,
547,50,140,45,
548,50,140,45,
549,50,140,45,
550,50,140,45,
551,50,140,45,
552,50,140,45,
553,50,140,45,
554,50,140,45,
555,50,140,45,
556,50,140,45,
557,50,140,45,
558,50,140,45,
559,50,140,45,
560,50,140,45,
561,50,114,38,
562,50,114,38,
563,50,114,38,
564,50,114,38,
565,50,114,38,
566,50,114,38,
567,50,114,38,
568,50,114,38,
569,50,114,38,
570,50,114,38,
571,50,114,38,
572,50,114,38,
573,50,114,38,
574,50,114,38,
575,50,114,38,
576,50,114,38,
577,50,114,38,
578,50,114,38,
579,50,114,38,
580,50,114,38,
581,50,114,38,
582,50,114,38,
583,50,114,38,
584,50,114,38,
585,50,114,38,
586,50,114,38,
587,50,114,38,
588,50,114,38,
589,50,114,38,
590,50,114,38,
591,50,114,38,
592,50,114,38,
593,50,114,38,
594,50,114,38,
595,50,114,38,
596,50,114,38,
597,50,114,38,
598,50,114,38,
599,50,114,38,
600,50,114,38,
601,50,114,38,
602,50,114,38,
603,50,114,38,
604,50,114,38,
605,50,114,38,
606,50,114,38,
607,50,114,38,
608,50,114,38,
609,50,114,38,
610,50,114,38,
611,50,114,38,
612,50,114,38,
613,50,114,38,
614,50,114,38,
615,50,114,38,
616,50,114,38,
617,50,114,38,
618,50,114,38,
619,50,114,38,
620,50,114,38,
621,50,114,38,
622,50,114,38,
623,50,114,38,
624,50,114,38,
625,50,114,38,
626,50,114,38,
627,50,114,38,
628,50,114,38,
629,50,114,38,
630,50,114,38,
631,50,114,38,
632,50,114,38,
633,50,114,38,
634,50,114,38,
635,50,114,38,
636,50,114,38,
637,50,114,38,
638,50,114,38,
639,50,114,38,
640,50,114,38,
641,50,114,38,
642,50,114,38,
643,50,114,38,
644,50,114,38,
645,50,114,38,
646,50,114,38,
647,50,114,38,
648,50,114,38,
649,50,114,38,
650,50,114,38,
651,50,114,38,
652,50,114,38,
653,50,114,38,
654,50,114,38,
655,50,114,38,
656,50,114,38,
657,50,114,38,
658,50,114,38,
659,50,114,38,
660,50,114,38,
661,50,114,38,
662,50,114,38,
663,50,114,38,
664,50,114,38,
665,50,114,38,
666,50,49,40,
667,50,49,40,
668,50,49,40,
669,50,49,40,
670,50,49,40,
671,50,49,40,
672,50,49,40,
673,50,49,40,
674,50,49,40,
675,50,49,40,
676,50,49,40,
677,50,49,40,
678,50,49,40,
679,50,49,40,
680,50,49,40,
681,50,49,40,
682,50,49,40,
683,50,49,40,
684,50,49,40,
685,50,49,40,
686,50,49,40,
687,50,49,40,
688,50,49,40,
689,50,49,40,
690,50,49,40,
691,50,49,40,
692,50,49,40,
693,50,49,40,
694,50,49,40,
695,50,49,40,
696,50,49,40,
697,50,49,40,
698,50,49,40,
699,50,49,40,
700,50,49,40,
701,50,49,40,
702,50,49,40,
703,50,49,40,
704,50,49,40,
705,50,49,40,
706,50,97,27,
707,50,97,27,
708,50,97,27,
709,50,97,27,
710,50,97,27,
711,50,97,27,
712,50,97,27,
713,50,97,27,
714,50,97,27,
715,50,97,27,
716,50,97,27,
717,50,97,27,
718,50,97,27,
719,50,97,27,
720,50,97,27,
721,50,97,27,
722,50,97,27,
723,50,97,27,
724,50,97,27,
725,50,97,27,
726,50,97,27,
727,50,97,27,
728,50,97,32,
729,50,97,32,
730,50,97,32,
731,50,97,32,
732,50,97,32,
733,50,97,32,
734,50,97,32,
735,50,97,32,
736,50,97,32,
737,50,97,32,
738,50,97,32,
739,50,97,32,
740,50,97,32,
741,50,97,32,
742,50,97,32,
743,50,97,32,
744,50,97,32,
745,50,97,32,
746,50,97,32,
747,50,97,32,
748,50,97,32,
749,50,97,32,
750,50,97,32,
751,50,97,32,
752,50,97,32,
753,50,97,32,
754,50,97,32,
755,50,97,32,
756,50,97,32,
757,50,97,32,
758,50,97,32,
759,50,97,32,
760,50,97,32,
761,50,97,32,
762,50,97,32,
763,50,97,32,
764,50,97,32,
765,50,97,32,
766,50,97,32,
767,50,97,32,
768,50,97,32,
769,50,97,32,
770,50,97,32,
771,50,97,32,
772,50,97,32,
773,50,97,32,
774,50,97,32,
775,50,97,32,
776,50,97,32,
777,50,97,32,
778,50,97,32,
779,50,97,32,
780,50,97,32,
781,50,97,32,
782,50,97,32,
783,50,97,32,
784,50,97,32,
785,50,89,29,
786,50,89,29,
787,50,89,29,
788,50,89,29,
789,50,89,29,
790,50,89,29,
791,50,89,29,
792,50,89,29,
793,50,89,29,
794,50,89,29,
795,50,89,29,
796,50,89,29,
797,50,88,33,
798,50,88,33,
799,50,88,33,
800,50,88,33,
801,50,88,33,
802,50,88,33,
803,50,88,33,
804,50,88,33,
805,50,88,33,
806,50,88,33,
807,50,88,33,
808,50,88,33,
809,50,88,33,
810,50,88,33,
811,50,88,33,
812,50,88,33,
813,50,86,33,
814,50,86,33,
815,50,86,33,
816,50,86,33,
817,50,86,33,
818,50,86,33,
819,50,86,33,
820,50,86,33,
821,50,86,33,
822,50,86,33,
823,50,86,33,
824,50,86,33,
825,50,86,33,
826,50,86,33,
827,50,86,33,
828,50,86,33,
829,50,86,33,
830,50,86,33,
831,50,86,33,
832,50,86,33,
833,50,86,33,
834,50,86,33,
835,50,86,33,
836,50,86,33,
837,50,86,33,
838,50,86,33,
839,50,86,33,
840,50,86,33,
841,50,86,33,
842,50,86,33,
843,50,86,33,
844,50,86,33,
845,50,86,33,
846,50,86,33,
847,50,86,33,
848,50,86,33,
849,50,80,27,
850,50,80,27,
851,50,80,27,
852,50,80,27,
853,50,80,27,
854,50,80,27,
855,50,80,27,
856,50,80,27,
857,50,80,27,
858,50,80,27,
859,50,80,27,
860,50,80,27,
861,50,80,27,
862,50,80,27,
863,50,80,27,
864,50,80,27,
865,50,80,27,
866,50,80,27,
867,50,80,27,
868,50,80,27,
869,50,80,27,
870,50,80,27,
871,50,80,27,
872,50,80,27,
873,50,80,27,
874,50,80,27,
875,50,80,27,
876,50,80,27,
877,50,80,27,
878,50,80,27,
879,50,80,27,
880,50,80,27,
881,50,80,27,
882,50,80,27,
883,50,80,27,
884,50,80,27,
885,50,80,27,
886,50,80,27,
887,50,80,27,
888,50,80,27,
889,50,78,35,
890,50,78,35,
891,50,78,35,
892,50,78,35,
893,50,78,35,
894,50,78,35,
895,50,78,35,
896,50,78,35,
897,50,78,35,
898,50,78,35,
899,50,78,35,
900,50,78,35,
901,50,78,35,
902,50,78,35,
903,50,78,35,
904,50,78,35,
905,50,76,29,
906,50,76,29,
907,50,76,29,
908,50,76,29,
909,50,76,29,
910,50,76,29,
911,50,76,29,
912,50,76,29,
913,50,76,29,
914,50,76,29,
915,50,76,29,
916,50,76,29,
917,50,76,29,
918,50,77,31,
919,50,77,31,
920,50,77,31,
921,50,77,31,
922,50,77,31,
923,50,77,31,
924,50,77,31,
925,50,77,31,
926,50,77,31,
927,50,77,31,
928,50,77,31,
929,50,77,31,
930,50,77,31,
931,50,77,31,
932,50,77,31,
933,50,77,31,
934,50,77,31,
935,50,77,31,
936,50,77,31,
937,50,77,31,
938,50,77,31,
939,50,77,31,
940,50,77,31,
941,50,77,31,
942,50,77,31,
943,50,77,31,
944,50,77,31,
945,50,77,31,
946,50,77,31,
947,50,77,31,
948,50,77,31,
949,50,77,31,
950,50,77,31,
951,50,77,31,
952,50,77,31,
953,50,77,31,
954,50,77,31,
955,50,77,31,
956,50,77,31,
957,50,77,31,
958,50,77,31,
959,50,77,31,
960,50,77,31,
961,50,77,31,
962,50,77,31,
963,50,77,31,
964,50,77,31,
965,50,77,31,
966,50,77,31,
967,50,77,31,
968,50,77,31,
969,50,77,31,
970,50,77,31,
971,50,77,31,
972,50,77,31,
973,50,77,31,
974,50,77,31,
975,50,77,31,
976,50,77,31,
977,50,77,31,
978,50,77,31,
979,50,77,31,
980,50,77,31,
981,50,77,31,
982,50,77,31,
983,50,77,31,
984,50,77,31,
985,50,77,31,
986,50,77,31,
987,50,70,30,
988,50,70,30,
989,50,70,30,
990,50,70,30,
991,50,70,30,
992,50,70,30,
993,50,70,30,
994,50,70,30,
995,50,70,30,
996,50,32,29,
997,50,32,29,
998,50,32,29,
999,50,32,29,
1000,50,32,29,
1001,50,32,29,
1002,50,32,29,
1003,50,32,29,
1004,50,32,29,
1005,50,32,29,
1006,50,32,29,
1007,50,32,29,
1008,50,32,29,
1009,50,32,29,
1010,50,32,29,
1011,50,67,24,
1012,50,67,24,
1013,50,67,24,
1014,50,67,24,
1015,50,67,24,
1016,50,67,24,
1017,50,67,24,
1018,50,67,24,
1019,50,67,24,
1020,50,67,24,
1021,50,67,24,
1022,50,67,24,
1023,50,67,24,
1024,50,67,24,
1025,50,67,24,
1026,50,67,24,
1027,50,67,24,
1028,50,67,24,
1029,50,67,24,
1030,50,67,24,
1031,50,67,24,
1032,50,67,24,
1033,50,67,24,
1034,50,67,24,
1035,50,67,24,
1036,50,67,24,
1037,50,67,24,
1038,50,67,24,
1039,50,67,24,
1040,50,67,24,
1041,50,67,24,
1042,50,67,24,
1043,50,67,24,
1044,50,67,24,
1045,50,67,24,
1046,50,67,24,
1047,50,67,24,
1048,50,67,24,
1049,50,67,24,
1050,50,67,24,
1051,50,67,24,
1052,50,67,24,
1053,50,67,24,
1054,50,67,24,
1055,50,67,24,
1056,50,67,24,
1057,50,67,24,
1058,50,67,24,
1059,50,67,24,
1060,50,67,24,
1061,50,67,24,
1062,50,67,24,
1063,50,67,24,
1064,50,67,24,
1065,50,67,24,
1066,50,67,24,
1067,50,67,24,
1068,50,67,24,
1069,50,67,24,
1070,50,67,24,
1071,50,67,24,
1072,50,67,24,
1073,50,67,24,
1074,50,67,24,
1075,50,67,24,
1076,50,67,24,
1077,50,67,24,
1078,50,67,24,
1079,50,67,24,
1080,50,67,24,
1081,50,67,24,
1082,50,67,24,
1083,50,67,24,
1084,50,67,24,
1085,50,67,24,
1086,50,67,24,
1087,50,67,24,
1088,50,67,24,
1089,50,67,24,
1090,50,67,24,
1091,50,67,24,
1092,50,67,24,
1093,50,67,24,
1094,50,67,24,
1095,50,67,24,
1096,50,67,24,
1097,50,67,24,
1098,50,67,24,
1099,50,67,24,
1100,50,67,24,
1101,50,67,24,
1102,50,67,24,
1103,50,67,24,
1104,50,67,24,
1105,50,67,24,
1106,50,67,24,
1107,50,67,24,
1108,50,67,24,
1109,50,67,24,
1110,50,67,24,
1111,50,67,24,
1112,50,67,24,
1113,50,67,24,
1114,50,67,24,
1115,50,67,24,
1116,50,67,24,
1117,50,67,24,
1118,50,67,24,
1119,50,67,24,
1120,50,67,24,
1121,50,67,24,
1122,50,67,24,
1123,50,67,24,
1124,50,67,24,
1125,50,67,24,
1126,50,67,24,
1127,50,67,24,
1128,50,67,24,
1129,50,67,24,
1130,50,67,24,
1131,50,67,24,
1132,50,67,24,
1133,50,67,24,
1134,50,67,24,
1135,50,67,24,
1136,50,67,24,
1137,50,67,24,
1138,50,67,24,
1139,50,67,24,
1140,50,67,24,
1141,50,67,24,
1142,50,67,24,
1143,50,67,24,
1144,50,67,24,
1145,50,67,24,
1146,50,67,24,
1147,50,67,24,
1148,50,67,24,
1149,50,67,24,
1150,50,67,24,
1151,50,67,24,
1152,50,67,24,
1153,50,67,24,
1154,50,67,24,
1155,50,67,24,
1156,50,67,24,
1157,50,67,24,
1158,50,67,24,
1159,50,67,24,
1160,50,67,24,
1161,50,67,24,
1162,50,67,24,
1163,50,67,24,
1164,50,67,24,
1165,50,67,24,
1166,50,67,24,
1167,50,67,24,
1168,50,67,24,
1169,50,67,24,
1170,50,67,24,
1171,50,67,24,
1172,50,67,24,
1173,50,67,24,
1174,50,67,24,
1175,50,54,19,
1176,50,54,19,
1177,50,54,19,
1178,50,54,19,
1179,50,54,19,
1180,50,54,19,
1181,50,54,19,
1182,50,54,19,
1183,50,54,19,
1184,50,54,19,
1185,50,54,19,
1186,50,54,19,
1187,50,54,19,
1188,50,54,19,
1189,50,54,19,
1190,50,54,19,
1191,50,54,19,
1192,50,54,19,
1193,50,54,19,
1194,50,54,19,
1195,50,54,19,
1196,50,54,19,
1197,50,54,19,
1198,50,54,19,
1199,50,54,19,
1200,50,54,19,
1201,50,54,19,
1202,50,54,19,
1203,50,54,19,
1204,50,54,19,
1205,50,54,19,
1206,50,54,19,
1207,50,54,19,
1208,50,54,19,
1209,50,54,19,
1210,50,54,19,
1211,50,54,19,
1212,50,54,19,
1213,50,54,19,
1214,50,54,19,
1215,50,54,19,
1216,50,54,19,
1217,50,54,19,
1218,50,54,19,
1219,50,54,19,
1220,50,54,19,
1221,50,54,19,
1222,50,54,19,
1223,50,54,19,
1224,50,54,19,
1225,50,54,19,
1226,50,54,19,
1227,50,54,19,
1228,50,54,19,
1229,50,54,19,
1230,50,54,19,
1231,50,54,19,
1232,50,54,19,
1233,50,54,19,
1234,50,54,19,
1235,50,54,19,
1236,50,54,19,
1237,50,54,19,
1238,50,54,19,
1239,50,54,19,
1240,50,54,19,
1241,50,54,19,
1242,50,54,19,
1243,50,54,19,
1244,50,54,19,
1245,50,54,19,
1246,50,54,19,
1247,50,54,19,
1248,50,54,19,
1249,50,54,19,
1250,50,54,19,
1251,50,54,19,
1252,50,54,19,
1253,50,54,19,
1254,50,54,19,
1255,50,54,19,
1256,50,54,19,
1257,50,54,19,
1258,50,54,19,
1259,50,54,19,
1260,50,54,19,
1261,50,54,19,
1262,50,54,19,
1263,50,54,19,
1264,50,54,19,
1265,50,54,19,
1266,50,54,19,
1267,50,52,18,
1268,50,52,18,
1269,50,52,18,
1270,50,52,18,
1271,50,52,18,
1272,50,52,18,
1273,50,52,18,
1274,50,52,18,
1275,50,52,18,
1276,50,52,18,
1277,50,52,18,
1278,50,52,18,
1279,50,52,18,
1280,50,52,18,
1281,50,52,18,
1282,50,52,18,
1283,50,52,18,
1284,50,52,18,
1285,50,52,18,
1286,50,52,18,
1287,50,52,18,
1288,50,52,18,
1289,50,52,18,
1290,50,52,18,
1291,50,52,18,
1292,50,52,18,
1293,50,52,18,
1294,50,52,18,
1295,50,52,18,
1296,50,52,18,
1297,50,52,18,
1298,50,52,18,
1299,50,52,18,
1300,50,52,18,
1301,50,52,18,
1302,50,52,18,
1303,50,52,18,
1304,50,52,18,
1305,50,52,18,
1306,50,52,18,
1307,50,52,18,
1308,50,52,18,
1309,50,52,18,
1310,50,52,18,
1311,50,52,18,
1312,50,52,18,
1313,50,52,18,
1314,50,52,18,
1315,50,52,18,
1316,50,52,18,
1317,50,52,18,
1318,50,52,18,
1319,50,52,18,
1320,50,52,18,
1321,50,52,18,
1322,50,52,18,
1323,50,52,18,
1324,50,52,18,
1325,50,52,18,
1326,50,52,18,
1327,50,52,18,
1328,50,52,18,
1329,50,52,18,
1330,50,52,18,
1331,50,52,18,
1332,50,52,18,
1333,50,52,18,
1334,50,52,18,
1335,50,52,18,
1336,50,52,18,
1337,50,52,18,
1338,50,52,18,
1339,50,52,18,
1340,50,52,18,
1341,50,52,18,
1342,50,52,18,
1343,50,52,18,
1344,50,52,18,
1345,50,52,18,
1346,50,52,18,
1347,50,52,18,
1348,50,52,18,
1349,50,52,18,
1350,50,52,18,
1351,50,52,18,
1352,50,52,18,
1353,50,52,18,
1354,50,52,18,
1355,50,52,18,
1356,50,52,18,
1357,50,52,18,
1358,50,52,18,
1359,50,52,18,
1360,50,52,18,
1361,50,52,18,
1362,50,52,18,
1363,50,52,18,
1364,50,52,18,
1365,50,52,18,
1366,50,52,18,
1367,50,52,18,
1368,50,52,18,
1369,50,52,18,
1370,50,52,18,
1371,50,52,18,
1372,50,52,18,
1373,50,52,18,
1374,50,52,18,
1375,50,52,18,
1376,50,52,18,
1377,50,52,18,
1378,50,52,18,
1379,50,52,18,
1380,50,52,18,
1381,50,52,18,
1382,50,52,18,
1383,50,52,18,
1384,50,52,18,
1385,50,52,18,
1386,50,52,18,
1387,50,52,18,
1388,50,52,18,
1389,50,52,18,
1390,50,52,18,
1391,50,52,18,
1392,50,52,18,
1393,50,52,18,
1394,50,52,18,
1395,50,52,18,
1396,50,52,18,
1397,50,52,18,
1398,50,52,18,
1399,50,52,18,
1400,50,52,18,
1401,50,52,18,
1402,50,52,18,
1403,50,52,18,
1404,50,52,18,
1405,50,52,18,
1406,50,52,18,
1407,50,52,18,
1408,50,52,18,
1409,50,52,18,
1410,50,52,18,
1411,50,52,18,
1412,50,52,18,
1413,50,52,18,
1414,50,52,18,
1415,50,52,18,
1416,50,52,18,
1417,50,52,18,
1418,50,52,18,
1419,50,52,18,
1420,50,52,18,
1421,50,52,18,
1422,50,52,18,
1423,50,52,18,
1424,50,52,18,
1425,50,52,18,
1426,50,52,18,
1427,50,52,18,
1428,50,52,18,
1429,50,52,18,
1430,50,52,18,
1431,50,52,18,
1432,50,52,18,
1433,50,52,18,
1434,50,52,18,
1435,50,52,18,
1436,50,52,18,
1437,50,52,18,
1438,50,52,18,
1439,50,52,18,
1440,50,46,6,
1441,50,46,6,
1442,50,46,6,
1443,50,46,6,
1444,50,46,6,
1445,50,46,6,
1446,50,46,6,
1447,50,46,6,
1448,50,46,6,
1449,50,46,6,
1450,50,46,6,
1451,50,46,6,
1452,50,46,6,
1453,50,46,6,
1454,50,46,6,
1455,50,46,6,
1456,50,46,6,
1457,50,46,6,
1458,50,46,6,
1459,50,46,6,
1460,50,46,6,
1461,50,46,6,
1462,50,46,6,
1463,50,46,6,
1464,50,46,6,
1465,50,46,6,
1466,50,46,6,
1467,50,46,6,
1468,50,46,6,
1469,50,46,6,
1470,50,46,6,
1471,50,46,6,
1472,50,46,6,
1473,50,46,6,
1474,50,46,6,
1475,50,46,6,
1476,50,46,6,
1477,50,46,6,
1478,50,46,6,
1479,50,46,6,
1480,50,46,6,
1481,50,46,6,
1482,50,46,6,
1483,50,46,6,
1484,50,46,6,
1485,50,46,6,
1486,50,46,6,
1487,50,46,6,
1488,50,46,6,
1489,50,46,6,
1490,50,46,6,
1491,50,46,6,
1492,50,46,6,
1493,50,46,6,
1494,50,46,6,
1495,50,46,6,
1496,50,46,6,
1497,50,46,6,
1498,50,46,6,
1499,50,46,6,
1500,50,46,6,
1501,50,46,6,
1502,50,46,6,
1503,50,46,6,
1504,50,46,6,
1505,50,46,6,
1506,50,46,6,
1507,50,46,6,
1508,50,46,6,
1509,50,46,6,
1510,50,46,6,
1511,50,46,6,
1512,50,46,6,
1513,50,46,6,
1514,50,46,6,
1515,50,46,6,
1516,50,46,6,
1517,50,46,6,
1518,50,46,6,
1519,50,46,6,
1520,50,46,6,
1521,50,46,6,
1522,50,46,6,
1523,50,46,6,
1524,50,46,6,
1525,50,46,6,
1526,50,46,6,
1527,50,46,6,
1528,50,46,6,
1529,50,46,6,
1530,50,46,6,
1531,50,46,6,
1532,50,46,6,
1533,50,46,6,
1534,50,46,6,
1535,50,46,6,
1536,50,46,6,
1537,50,46,6,
1538,50,46,6,
1539,50,46,6,
1540,50,46,6,
1541,50,46,6,
1542,50,46,6,
1543,50,46,6,
1544,50,46,6,
1545,50,46,6,
1546,50,46,6,
1547,50,46,6,
1548,50,46,6,
1549,50,46,6,
1550,50,46,6,
1551,50,46,6,
1552,50,46,6,
1553,50,46,6,
1554,50,46,6,
1555,50,46,6,
1556,50,46,6,
1557,50,46,6,
1558,50,46,6,
1559,50,46,6,
1560,50,46,6,
1561,50,46,6,
1562,50,46,6,
1563,50,46,6,
1564,50,46,6,
1565,50,46,6,
1566,50,46,6,
1567,50,46,6,
1568,50,46,6,
1569,50,46,6,
1570,50,46,6,
1571,50,46,6,
1572,50,46,6,
1573,50,46,6,
1574,50,46,6,
1575,50,46,6,
1576,50,46,6,
1577,50,46,6,
1578,50,46,6,
1579,50,46,6,
1580,50,46,6,
1581,50,46,6,
1582,50,46,6,
1583,50,46,6,
1584,50,46,6,
1585,50,46,6,
1586,50,46,6,
1587,50,46,6,
1588,50,46,6,
1589,50,46,6,
1590,50,46,6,
1591,50,46,6,
1592,50,46,6,
1593,50,46,6,
1594,50,46,6,
1595,50,46,6,
1596,50,46,6,
1597,50,46,6,
1598,50,46,6,
1599,50,46,6,
1600,50,46,6,
1601,50,46,6,
1602,50,46,6,
1603,50,46,6,
1604,50,46,6,
1605,50,46,6,
1606,50,46,6,
1607,50,46,6,
1608,50,46,6,
1609,50,46,6,
1610,50,46,6,
1611,50,46,6,
1612,50,46,6,
1613,50,46,6,
1614,50,46,6,
1615,50,46,6,
1616,50,46,6,
1617,50,46,6,
1618,50,46,6,
1619,50,46,6,
1620,50,46,6,
1621,50,46,6,
1622,50,46,6,
1623,50,46,6,
1624,50,46,6,
1625,50,46,6,
1626,50,46,6,
1627,50,46,6,
1628,50,46,6,
1629,50,8,19,
1630,50,8,19,
1631,50,8,19,
1632,50,8,19,
1633,50,8,19,
1634,50,8,19,
1635,50,8,19,
1636,50,8,19,
1637,50,8,19,
1638,50,8,19,
1639,50,8,19,
1640,50,8,19,
1641,50,8,19,
1642,50,8,19,
1643,50,8,19,
1644,50,8,19,
1645,50,8,19,
1646,50,8,19,
1647,50,8,19,
1648,50,8,19,
1649,50,8,19,
1650,50,8,19,
1651,50,8,19,
1652,50,8,19,
1653,50,8,19,
1654,50,8,19,
1655,50,8,19,
1656,50,8,19,
1657,50,8,19,
1658,50,8,19,
1659,50,8,19,
1660,50,8,19,
1661,50,8,19,
1662,50,8,19,
1663,50,8,19,
1664,50,8,19,
1665,50,8,19,
1666,50,8,19,
1667,50,8,19,
1668,50,8,19,
1669,50,8,19,
1670,50,8,19,
1671,50,8,19,
1672,50,8,19,
1673,50,8,19,
1674,50,8,19,
1675,50,8,19,
1676,50,8,19,
1677,50,8,19,
1678,50,8,19,
1679,50,8,19,
1680,50,8,19,
1681,50,8,19,
1682,50,8,19,
1683,50,8,19,
1684,50,8,19,
1685,50,8,19,
1686,50,8,19,
1687,50,8,19,
1688,50,8,19,
1689,50,8,19,
1690,50,8,19,
1691,50,8,19,
1692,50,8,19,
1693,50,8,19,
1694,50,8,19,
1695,50,8,19,
1696,50,8,19,
1697,50,8,19,
1698,50,8,19,
1699,50,8,19,
1700,50,8,19,
1701,50,8,19,
1702,50,8,19,
1703,50,8,19,
1704,50,8,19,
1705,50,8,19,
1706,50,8,19,
1707,50,8,19,
1708,50,8,19,
1709,50,8,19,
1710,50,8,19,
1711,50,8,19,
1712,50,8,19,
1713,50,8,19,
1714,50,8,19,
1715,50,8,19,
1716,50,8,19,
1717,50,8,19,
1718,50,8,19,
1719,50,8,19,
1720,50,8,19,
1721,50,8,19,
1722,50,8,19,
1723,50,8,19,
1724,50,8,19,
1725,50,8,19,
1726,50,8,19,
1727,50,8,19,
1728,50,8,19,
1729,50,8,19,
1730,50,8,19,
1731,50,8,19,
1732,50,8,19,
1733,50,8,19,
1734,50,8,19,
1735,50,8,19,
1736,50,8,19,
1737,50,8,19,
1738,50,8,19,
1739,50,8,19,
1740,50,8,19,
1741,50,8,19,
1742,50,8,19,
1743,50,8,19,
1744,50,8,19,
1745,50,8,19,
1746,50,8,19,
1747,50,8,19,
1748,50,8,19,
1749,50,8,19,
1750,50,8,19,
1751,50,8,19,
1752,50,8,19,
1753,50,8,19,
1754,50,8,19,
1755,50,8,19,
1756,50,8,19,
1757,50,8,19,
1758,50,8,19,
1759,50,8,19,
1760,50,8,19,
1761,50,8,19,
1762,50,8,19,
1763,50,8,19,
1764,50,8,19,
1765,50,8,19,
1766,50,8,19,
1767,50,8,19,
1768,50,8,19,
1769,50,8,19,
1770,50,8,19,
1771,50,8,19,
1772,50,8,19,
1773,50,8,19,
1774,50,8,19,
1775,50,8,19,
1776,50,8,19,
1777,50,8,19,
1778,50,8,19,
1779,50,8,19,
1780,50,8,19,
1781,50,8,19,
1782,50,8,19,
1783,50,8,19,
1784,50,8,19,
1785,50,8,19,
1786,50,8,19,
1787,50,8,19,
1788,50,8,19,
1789,50,8,19,
1790,50,8,19,
1791,50,8,19,
1792,50,8,19,
1793,50,8,19,
1794,50,8,19,
1795,50,8,19,
1796,50,8,19,
1797,50,8,19,
1798,50,8,19,
1799,50,8,19,
1800,50,8,19,
1801,50,8,19,
1802,50,8,19,
1803,50,8,19,
1804,50,8,19,
1805,50,8,19,
1806,50,8,19,
1807,50,8,19,
1808,50,8,19,
1809,50,8,19,
1810,50,8,19,
1811,50,8,19,
1812,50,8,19,
1813,50,8,19,
1814,50,8,19,
1815,50,8,19,
1816,50,8,19,
1817,50,8,19,
1818,50,8,19,
1819,50,8,19,
1820,50,8,19,
1821,50,8,19,
1822,50,8,19,
1823,50,8,19,
1824,50,8,19,
1825,50,8,19,
1826,50,8,19,
1827,50,8,19,
1828,50,8,19,
1829,50,8,19,
1830,50,8,19,
1831,50,8,19,
1832,50,8,19,
1833,50,8,19,
1834,50,8,19,
1835,50,8,19,
1836,50,32,17,
1837,50,32,17,
1838,50,32,17,
1839,50,32,17,
1840,50,32,17,
1841,50,32,17,
1842,50,32,17,
1843,50,32,17,
1844,50,32,17,
1845,50,32,17,
1846,50,32,17,
1847,50,32,17,
1848,50,32,17,
1849,50,32,17,
1850,50,32,17,
1851,50,32,17,
1852,50,32,17,
1853,50,32,17,
1854,50,32,17,
1855,50,32,17,
1856,50,32,17,
1857,50,32,17,
1858,50,32,17,
1859,50,32,17,
1860,50,32,17,
1861,50,32,17,
1862,50,32,17,
1863,50,32,17,
1864,50,32,17,
1865,50,32,17,
1866,50,32,17,
1867,50,32,17,
1868,50,32,17,
1869,50,32,17,
1870,50,32,17,
1871,50,32,17,
1872,50,32,17,
1873,50,32,17,
1874,50,32,17,
1875,50,32,17,
1876,50,32,17,
1877,50,32,17,
1878,50,32,17,
1879,50,32,17,
1880,50,32,17,
1881,50,32,17,
1882,50,32,17,
1883,50,32,17,
1884,50,32,17,
1885,50,32,17,
1886,50,32,17,
1887,50,32,17,
1888,50,32,17,
1889,50,32,17,
1890,50,32,17,
1891,50,32,17,
1892,50,32,17,
1893,50,32,17,
1894,50,32,17,
1895,50,32,17,
1896,50,32,17,
1897,50,32,17,
1898,50,32,17,
1899,50,32,17,
1900,50,32,17,
1901,50,32,17,
1902,50,32,17,
1903,50,32,17,
1904,50,32,17,
1905,50,32,17,
1906,50,32,17,
1907,50,32,17,
1908,50,32,17,
1909,50,32,17,
1910,50,32,17,
1911,50,32,17,
1912,50,32,17,
1913,50,32,17,
1914,50,32,17,
1915,50,32,17,
1916,50,32,17,
1917,50,32,17,
1918,50,32,17,
1919,50,32,17,
1920,50,32,17,
1921,50,32,17,
1922,50,32,17,
1923,50,32,17,
1924,50,32,17,
1925,50,32,17,
1926,50,32,17,
1927,50,32,17,
1928,50,32,17,
1929,50,32,17,
1930,50,32,17,
1931,50,32,17,
1932,50,32,17,
1933,50,32,17,
1934,50,32,17,
1935,50,32,17,
1936,50,32,17,
1937,50,32,17,
1938,50,32,17,
1939,50,32,17,
1940,50,32,17,
1941,50,32,17,
1942,50,32,17,
1943,50,32,17,
1944,50,32,17,
1945,50,32,17,
1946,50,32,17,
1947,50,32,17,
1948,50,32,17,
1949,50,32,17,
1950,50,32,17,
1951,50,32,17,
1952,50,32,17,
1953,50,32,17,
1954,50,32,17,
1955,50,32,17,
1956,50,32,17,
1957,50,32,17,
1958,50,32,17,
1959,50,32,17,
1960,50,32,17,
1961,50,32,17,
1962,50,32,17,
1963,50,32,17,
1964,50,32,17,
1965,50,32,17,
1966,50,32,17,
1967,50,32,17,
1968,50,32,17,
1969,50,32,17,
1970,50,32,17,
1971,50,32,17,
1972,50,32,17,
1973,50,32,17,
1974,50,32,17,
1975,50,32,17,
1976,50,32,17,
1977,50,32,17,
1978,50,32,17,
1979,50,32,17,
1980,50,32,17,
1981,50,32,17,
1982,50,32,17,
1983,50,32,17,
1984,50,32,17,
1985,50,32,17,
1986,50,32,17,
1987,50,32,17,
1988,50,32,17,
1989,50,32,17,
1990,50,32,17,
1991,50,32,17,
1992,50,32,17,
1993,50,32,17,
1994,50,32,17,
1995,50,32,17,
1996,50,32,17,
1997,50,32,17,
1998,50,32,17,
1999,50,32,17,
2000,50,32,17,
2001,50,32,17,
2002,50,32,17,
2003,50,32,17,
2004,50,32,17,
2005,50,32,17,
2006,50,32,17,
2007,50,32,17,
2008,50,32,17,
2009,50,32,17,
2010,50,32,17,
2011,50,32,17,
2012,50,32,17,
2013,50,32,17,
2014,50,32,17,
2015,50,32,17,
2016,50,32,17,
2017,50,32,17,
2018,50,32,17,
2019,50,32,17,
2020,50,32,17,
2021,50,32,17,
2022,50,32,17,
2023,50,32,17,
2024,50,32,17,
2025,50,32,17,
2026,50,32,17,
2027,50,32,17,
2028,50,32,17,
2029,50,32,17,
2030,50,32,17,
2031,50,32,17,
2032,50,32,17,
2033,50,32,17,
2034,50,32,17,
2035,50,32,17,
2036,50,32,17,
2037,50,32,17,
2038,50,32,17,
2039,50,32,17,
2040,50,32,17,
2041,50,32,17,
2042,50,32,17,
2043,50,32,17,
2044,50,32,17,
2045,50,32,17,
2046,50,32,17,
2047,50,32,17,
2048,50,32,17,
2049,50,32,17,
2050,50,32,17,
2051,50,32,17,
2052,50,32,17,
2053,50,32,17,
2054,50,32,17,
2055,50,32,17,
2056,50,32,17,
2057,50,32,17,
2058,50,32,17,
2059,50,32,17,
2060,50,32,17,
2061,50,32,17,
2062,50,32,17,
2063,50,32,17,
2064,50,32,17,
2065,50,32,17,
2066,50,32,17,
2067,50,32,17,
2068,50,32,17,
2069,50,32,17,
2070,50,32,17,
2071,50,32,17,
2072,50,32,17,
2073,50,32,17,
2074,50,32,17,
2075,50,32,17,
2076,50,32,17,
2077,50,32,17,
2078,50,32,17,
2079,50,32,17,
2080,50,32,17,
2081,50,32,17,
2082,50,32,17,
2083,50,32,17,
2084,50,32,17,
2085,50,32,17,
2086,50,32,17,
2087,50,32,17,
2088,50,32,17,
2089,50,32,17,
2090,50,32,17,
2091,50,32,17,
2092,50,32,17,
2093,50,32,17,
2094,50,32,17,
2095,50,32,17,
2096,50,32,17,
2097,50,32,17,
2098,50,32,17,
2099,50,32,17,
2100,50,32,17,
2101,50,32,17,
2102,50,32,17,
2103,50,32,17,
2104,50,32,17,
2105,50,32,17,
2106,50,32,17,
2107,50,32,17,
2108,50,32,17,
2109,50,32,17,
2110,50,32,17,
2111,50,32,17,
2112,50,32,17,
2113,50,32,17,
2114,50,32,17,
2115,50,32,17,
2116,50,32,17,
2117,50,32,17,
2118,50,32,17,
2119,50,32,17,
2120,50,32,17,
2121,50,32,17,
2122,50,32,17,
2123,50,32,17,
2124,50,32,17,
2125,50,32,17,
2126,50,32,17,
2127,50,32,17,
2128,50,32,17,
2129,50,32,17,
2130,50,32,17,
2131,50,32,17,
2132,50,32,17,
2133,50,32,17,
2134,50,32,17,
2135,50,32,17,
2136,50,32,17,
2137,50,32,17,
2138,50,32,17,
2139,50,32,17,
2140,50,32,17,
2141,50,32,17,
2142,50,32,17,
2143,50,32,17,
2144,50,32,17,
2145,50,32,17,
2146,50,32,17,
2147,50,32,17,
2148,50,32,17,
2149,50,32,17,
2150,50,32,17,
2151,50,32,17,
2152,50,32,17,
2153,50,32,17,
2154,50,32,17,
2155,50,32,17,
2156,50,32,17,
2157,50,32,17,
2158,50,32,17,
2159,50,32,17,
2160,50,32,17,
2161,50,32,17,
2162,50,32,17,
2163,50,32,17,
2164,50,32,17,
2165,50,32,17,
2166,50,32,17,
2167,50,32,17,
2168,50,32,17,
2169,50,32,17,
2170,50,32,17,
2171,50,32,17,
2172,50,32,17,
2173,50,32,17,
2174,50,32,17,
2175,50,32,17,
2176,50,32,17,
2177,50,32,17,
2178,50,32,17,
2179,50,32,17,
2180,50,32,17,
2181,50,32,17,
2182,50,32,17,
2183,50,32,17,
2184,50,32,17,
2185,50,32,17,
2186,50,32,17,
2187,50,32,17,
2188,50,32,17,
2189,50,32,17,
2190,50,32,17,
2191,50,32,17,
2192,50,32,17,
2193,50,32,17,
2194,50,32,17,
2195,50,32,17,
2196,50,32,17,
2197,50,32,17,
2198,50,32,17,
2199,50,32,17,
2200,50,32,17,
2201,50,32,17,
2202,50,32,17,
2203,50,32,17,
2204,50,32,17,
2205,50,32,17,
2206,50,32,17,
2207,50,32,17,
2208,50,32,17,
2209,50,32,17,
2210,50,32,17,
2211,50,32,17,
2212,50,32,17,
2213,50,32,17,
2214,50,32,17,
2215,50,32,17,
2216,50,32,17,
2217,50,32,17,
2218,50,32,17,
2219,50,32,17,
2220,50,32,17,
2221,50,32,17,
2222,50,32,17,
2223,50,32,17,
2224,50,32,17,
2225,50,32,17,
2226,50,32,17,
2227,50,32,17,
2228,50,32,17,
2229,50,32,17,
2230,50,32,17,
2231,50,32,17,
2232,50,32,17,
2233,50,32,17,
2234,50,32,17,
2235,50,32,17,
2236,50,32,17,
2237,50,32,17,
2238,50,32,17,
2239,50,32,17,
2240,50,32,17,
2241,50,32,17,
2242,50,32,17,
2243,50,32,17,
2244,50,32,17,
2245,50,32,17,
2246,50,32,17,
2247,50,32,17,
2248,50,32,17,
2249,50,32,17,
2250,50,32,17,
2251,50,32,17,
2252,50,32,17,
2253,50,32,17,
2254,50,32,17,
2255,50,32,17,
2256,50,32,17,
2257,50,32,17,
2258,50,32,17,
2259,50,32,17,
2260,50,32,17,
2261,50,32,17,
2262,50,32,17,
2263,50,32,17,
2264,50,32,17,
2265,50,32,17,
2266,50,32,17,
2267,50,32,17,
2268,50,32,17,
2269,50,32,17,
2270,50,32,17,
2271,50,32,17,
2272,50,32,17,
2273,50,32,17,
2274,50,32,17,
2275,50,32,17,
2276,50,32,17,
2277,50,32,17,
2278,50,32,17,
2279,50,32,17,
2280,50,32,17,
2281,50,32,17,
2282,50,32,17,
2283,50,32,17,
2284,50,32,17,
2285,50,32,17,
2286,50,32,17,
2287,50,32,17,
2288,50,32,17,
2289,50,32,17,
2290,50,32,17,
2291,50,32,17,
2292,50,32,17,
2293,50,32,17,
2294,50,32,17,
2295,50,32,17,
2296,50,32,17,
2297,50,32,17,
2298,50,32,17,
2299,50,32,17,
2300,50,32,17,
2301,50,32,17,
2302,50,32,17,
2303,50,32,17,
2304,50,32,17,
2305,50,32,17,
2306,50,32,17,
2307,50,32,17,
2308,50,32,17,
2309,50,32,17,
2310,50,32,17,
2311,50,32,17,
2312,50,32,17,
2313,50,32,17,
2314,50,32,17,
2315,50,32,17,
2316,50,32,17,
2317,50,32,17,
2318,50,32,17,
2319,50,32,17,
2320,50,32,17,
2321,50,32,17,
2322,50,32,17,
2323,50,32,17,
2324,50,32,17,
2325,50,32,17,
2326,50,32,17,
2327,50,32,17,
2328,50,32,17,
2329,50,32,17,
2330,50,32,17,
2331,50,32,17,
2332,50,32,17,
2333,50,32,17,
2334,50,32,17,
2335,50,32,17,
2336,50,32,17,
2337,50,32,17,
2338,50,32,17,
2339,50,32,17,
2340,50,32,17,
2341,50,32,17,
2342,50,32,17,
2343,50,32,17,
2344,50,32,17,
2345,50,32,17,
2346,50,32,17,
2347,50,32,17,
2348,50,32,17,
2349,50,32,17,
2350,50,32,17,
2351,50,32,17,
2352,50,32,17,
2353,50,32,17,
2354,50,32,17,
2355,50,32,17,
2356,50,32,17,
2357,50,32,17,
2358,50,32,17,
2359,50,32,17,
2360,50,32,17,
2361,50,32,17,
2362,50,32,17,
2363,50,32,17,
2364,50,32,17,
2365,50,32,17,
2366,50,32,17,
2367,50,32,17,
2368,50,32,17,
2369,50,32,17,
2370,50,32,17,
2371,50,32,17,
2372,50,32,17,
2373,50,32,17,
2374,50,32,17,
2375,50,32,17,
2376,50,32,17,
2377,50,32,17,
2378,50,32,17,
2379,50,32,17,
2380,50,32,17,
2381,50,32,17,
2382,50,32,17,
2383,50,32,17,
2384,50,32,17,
2385,50,32,17,
2386,50,32,17,
2387,50,32,17,
2388,50,32,17,
2389,50,32,17,
2390,50,32,17,
2391,50,32,17,
2392,50,32,17,
2393,50,32,17,
2394,50,32,17,
2395,50,32,17,
2396,50,32,17,
2397,50,32,17,
2398,50,32,17,
2399,50,32,17,
2400,50,32,17,
2401,50,32,17,
2402,50,32,17,
2403,50,32,17,
2404,50,32,17,
2405,50,32,17,
2406,50,32,17,
2407,50,32,17,
2408,50,32,17,
2409,50,32,17,
2410,50,32,17,
2411,50,32,17,
2412,50,32,17,
2413,50,32,17,
2414,50,32,17,
2415,50,32,17,
2416,50,32,17,
2417,50,32,17,
2418,50,32,17,
2419,50,32,17,
2420,50,32,17,
2421,50,32,17,
2422,50,32,17,
2423,50,32,17,
2424,50,32,17,
2425,50,32,17,
2426,50,32,17,
2427,50,32,17,
2428,50,32,17,
2429,50,32,17,
2430,50,32,17,
2431,50,32,17,
2432,50,32,17,
2433,50,32,17,
2434,50,32,17,
2435,50,32,17,
2436,50,32,17,
2437,50,32,17,
2438,50,32,17,
2439,50,32,17,
2440,50,32,17,
2441,50,32,17,
2442,50,32,17,
2443,50,32,17,
2444,50,32,17,
2445,50,32,17,
2446,50,32,17,
2447,50,32,17,
2448,50,32,17,
2449,50,32,17,
2450,50,32,17,
2451,50,32,17,
2452,50,32,17,
2453,50,32,17,
2454,50,32,17,
2455,50,32,17,
2456,50,32,17,
2457,50,32,17,
2458,50,32,17,
2459,50,32,17,
2460,50,32,17,
2461,50,32,17,
2462,50,32,17,
2463,50,32,17,
2464,50,32,17,
2465,50,32,17,
2466,50,32,17,
2467,50,32,17,
2468,50,32,17,
2469,50,32,17,
2470,50,32,17,
2471,50,32,17,
2472,50,32,17,
2473,50,32,17,
2474,50,32,17,
2475,50,32,17,
2476,50,32,17,
2477,50,32,17,
2478,50,32,17,
2479,50,32,17,
2480,50,32,17,
2481,50,32,17,
2482,50,32,17,
2483,50,32,17,
2484,50,32,17,
2485,50,32,17,
2486,50,32,17,
2487,50,32,17,
2488,50,32,17,
2489,50,32,17,
2490,50,32,17,
2491,50,32,17,
2492,50,32,17,
2493,50,32,17,
2494,50,32,17,
2495,50,32,17,
2496,50,32,17,
2497,50,32,17,
2498,50,32,17,
2499,50,32,17,
2500,50,32,17,
2501,50,32,17,
2502,50,32,17,
2503,50,32,17,
2504,50,32,17,
2505,50,32,17,
2506,50,32,17,
2507,50,32,17,
2508,50,32,17,
2509,50,32,17,
2510,50,32,17,
2511,50,32,17,
2512,50,32,17,
2513,50,32,17,
2514,50,32,17,
2515,50,32,17,
2516,50,32,17,
2517,50,32,17,
2518,50,32,17,
2519,50,32,17,
2520,50,32,17,
2521,50,32,17,
2522,50,32,17,
2523,50,32,17,
2524,50,32,17,
2525,50,32,17,
2526,50,32,17,
2527,50,32,17,
2528,50,32,17,
2529,50,32,17,
2530,50,32,17,
2531,50,32,17,
2532,50,32,17,
2533,50,32,17,
2534,50,32,17,
2535,50,32,17,
2536,50,32,17,
2537,50,32,17,
2538,50,32,17,
2539,50,32,17,
2540,50,32,17,
2541,50,32,17,
2542,50,32,17,
2543,50,32,17,
2544,50,32,17,
2545,50,32,17,
2546,50,32,17,
2547,50,32,17,
2548,50,32,17,
2549,50,32,17,
2550,50,32,17,
2551,50,32,17,
2552,50,32,17,
2553,50,32,17,
2554,50,32,17,
2555,50,32,17,
2556,50,32,17,
2557,50,32,17,
2558,50,32,17,
2559,50,32,17,
2560,50,32,17,
2561,50,32,17,
2562,50,32,17,
2563,50,32,17,
2564,50,32,17,
2565,50,32,17,
2566,50,32,17,
2567,50,32,17,
2568,50,32,17,
2569,50,32,17,
2570,50,32,17,
2571,50,32,17,
2572,50,32,17,
2573,50,32,17,
2574,50,32,17,
2575,50,32,17,
2576,50,32,17,
2577,50,32,17,
2578,50,32,17,
2579,50,32,17,
2580,50,32,17,
2581,50,32,17,
2582,50,32,17,
2583,50,32,17,
2584,50,32,17,
2585,50,32,17,
2586,50,32,17,
2587,50,32,17,
2588,50,32,17,
2589,50,32,17,
2590,50,32,17,
2591,50,32,17,
2592,50,32,17,
2593,50,32,17,
2594,50,32,17,
2595,50,32,17,
2596,50,32,17,
2597,50,32,17,
2598,50,32,17,
2599,50,32,17,
2600,50,32,17,
2601,50,32,17,
2602,50,32,17,
2603,50,32,17,
2604,50,32,17,
2605,50,32,17,
2606,50,32,17,
2607,50,32,17,
2608,50,32,17,
2609,50,32,17,
2610,50,32,17,
2611,50,32,17,
2612,50,32,17,
2613,50,32,17,
2614,50,32,17,
2615,50,32,17,
2616,50,32,17,
2617,50,32,17,
2618,50,32,17,
2619,50,32,17,
2620,50,32,17,
2621,50,32,17,
2622,50,32,17,
2623,50,32,17,
2624,50,32,17,
2625,50,32,17,
2626,50,32,17,
2627,50,32,17,
2628,50,32,17,
2629,50,32,17,
2630,50,32,17,
2631,50,32,17,
2632,50,32,17,
2633,50,32,17,
2634,50,32,17,
2635,50,32,17,
2636,50,32,17,
2637,50,32,17,
2638,50,32,17,
2639,50,32,17,
2640,50,32,17,
2641,50,32,17,
2642,50,32,17,
2643,50,32,17,
2644,50,32,17,
2645,50,32,17,
2646,50,32,17,
2647,50,32,17,
2648,50,32,17,
2649,50,32,17,
2650,50,32,17,
2651,50,32,17,
2652,50,32,17,
2653,50,32,17,
2654,50,32,17,
2655,50,32,17,
2656,50,32,17,
2657,50,32,17,
2658,50,32,17,
2659,50,32,17,
2660,50,32,17,
2661,50,32,17,
2662,50,32,17,
2663,50,32,17,
2664,50,32,17,
2665,50,32,17,
2666,50,32,17,
2667,50,32,17,
2668,50,32,17,
2669,50,32,17,
2670,50,32,17,
2671,50,32,17,
2672,50,32,17,
2673,50,32,17,
2674,50,32,17,
2675,50,32,17,
2676,50,32,17,
2677,50,32,17,
2678,50,32,17,
2679,50,32,17,
2680,50,32,17,
2681,50,32,17,
2682,50,32,17,
2683,50,32,17,
2684,50,32,17,
2685,50,32,17,
2686,50,32,17,
2687,50,32,17,
2688,50,32,17,
2689,50,32,17,
2690,50,32,17,
2691,50,32,17,
2692,50,32,17,
2693,50,32,17,
2694,50,32,17,
2695,50,32,17,
2696,50,32,17,
2697,50,32,17,
2698,50,32,17,
2699,50,32,17,
2700,50,32,17,
2701,50,32,17,
2702,50,32,17,
2703,50,32,17,
2704,50,32,17,
2705,50,32,17,
2706,50,32,17,
2707,50,32,17,
2708,50,32,17,
2709,50,32,17,
2710,50,32,17,
2711,50,32,17,
2712,50,32,17,
2713,50,32,17,
2714,50,32,17,
2715,50,32,17,
2716,50,32,17,
2717,50,32,17,
2718,50,32,17,
2719,50,32,17,
2720,50,32,17,
2721,50,32,17,
2722,50,32,17,
2723,50,32,17,
2724,50,32,17,
2725,50,32,17,
2726,50,32,17,
2727,50,32,17,
2728,50,32,17,
2729,50,32,17,
2730,50,32,17,
2731,50,32,17,
2732,50,32,17,
2733,50,32,17,
2734,50,32,17,
2735,50,32,17,
2736,50,32,17,
2737,50,32,17,
2738,50,32,17,
2739,50,32,17,
2740,50,32,17,
2741,50,32,17,
2742,50,32,17,
2743,50,32,17,
2744,50,32,17,
2745,50,32,17,
2746,50,32,17,
2747,50,32,17,
2748,50,32,17,
2749,50,32,17,
2750,50,32,17,
2751,50,32,17,
2752,50,32,17,
2753,50,32,17,
2754,50,32,17,
2755,50,32,17,
2756,50,32,17,
2757,50,32,17,
2758,50,32,17,
2759,50,32,17,
2760,50,32,17,
2761,50,32,17,
2762,50,32,17,
2763,50,32,17,
2764,50,32,17,
2765,50,32,17,
2766,50,32,17,
2767,50,32,17,
2768,50,32,17,
2769,50,32,17,
2770,50,32,17,
2771,50,32,17,
2772,50,32,17,
2773,50,32,17,
2774,50,32,17,
2775,50,32,17,
2776,50,32,17,
2777,50,32,17,
2778,50,32,17,
2779,50,32,17,
2780,50,32,17,
2781,50,32,17,
2782,50,32,17,
2783,50,32,17,
2784,50,32,17,
2785,50,32,17,
2786,50,32,17,
2787,50,32,17,
2788,50,32,17,
2789,50,32,17,
2790,50,32,17,
2791,50,32,17,
2792,50,32,17,
2793,50,32,17,
2794,50,32,17,
2795,50,32,17,
2796,50,32,17,
2797,50,32,17,
2798,50,32,17,
2799,50,32,17,
2800,50,32,17,
2801,50,32,17,
2802,50,32,17,
2803,50,32,17,
2804,50,32,17,
2805,50,32,17,
2806,50,32,17,
2807,50,32,17,
2808,50,32,17,
2809,50,32,17,
2810,50,32,17,
2811,50,32,17,
2812,50,32,17,
2813,50,32,17,
2814,50,32,17,
2815,50,32,17,
2816,50,32,17,
2817,50,32,17,
2818,50,32,17,
2819,50,32,17,
2820,50,32,17,
2821,50,32,17,
2822,50,32,17,
2823,50,32,17,
2824,50,32,17,
2825,50,32,17,
2826,50,32,17,
2827,50,32,17,
2828,50,32,17,
2829,50,32,17,
2830,50,32,17,
2831,50,32,17,
2832,50,32,17,
2833,50,13,4,
2834,50,13,4,
2835,50,13,4,
2836,50,13,4,
2837,50,13,4,
2838,50,13,4,
2839,50,13,4,
2840,50,13,4,
2841,50,13,4,
2842,50,13,4,
2843,50,13,4,
2844,50,13,4,
2845,50,13,4,
2846,50,13,4,
2847,50,13,4,
2848,50,13,4,
2849,50,13,4,
2850,50,13,4,
2851,50,13,4,
2852,50,13,4,
2853,50,13,4,
2854,50,13,4,
2855,50,13,4,
2856,50,13,4,
2857,50,13,4,
2858,50,13,4,
2859,50,13,4,
2860,50,13,4,
2861,50,13,4,
2862,50,13,4,
2863,50,13,4,
2864,50,13,4,
2865,50,13,4,
2866,50,13,4,
2867,50,13,4,
2868,50,13,4,
2869,50,13,4,
2870,50,13,4,
2871,50,13,4,
2872,50,13,4,
2873,50,13,4,
2874,50,13,4,
2875,50,13,4,
2876,50,13,4,
2877,50,13,4,
2878,50,13,4,
2879,50,13,4,
2880,50,13,4,
2881,50,13,4,
2882,50,13,4,
2883,50,13,4,
2884,50,13,4,
2885,50,13,4,
2886,50,13,4,
2887,50,13,4,
2888,50,13,4,
2889,50,13,4,
2890,50,13,4,
2891,50,13,4,
2892,50,13,4,
2893,50,13,4,
2894,50,13,4,
2895,50,13,4,
2896,50,13,4,
2897,50,13,4,
2898,50,13,4,
2899,50,13,4,
2900,50,13,4,
2901,50,13,4,
2902,50,13,4,
2903,50,13,4,
2904,50,13,4,
2905,50,13,4,
2906,50,13,4,
2907,50,13,4,
2908,50,13,4,
2909,50,13,4,
2910,50,13,4,
2911,50,13,4,
2912,50,13,4,
2913,50,13,4,
2914,50,13,4,
2915,50,13,4,
2916,50,13,4,
2917,50,13,4,
2918,50,13,4,
2919,50,13,4,
2920,50,13,4,
2921,50,13,4,
2922,50,13,4,
2923,50,13,4,
2924,50,13,4,
2925,50,13,4,
2926,50,13,4,
2927,50,13,4,
2928,50,13,4,
2929,50,13,4,
2930,50,13,4,
2931,50,13,4,
2932,50,13,4,
2933,50,13,4,
2934,50,13,4,
2935,50,13,4,
2936,50,13,4,
2937,50,13,4,
2938,50,13,4,
2939,50,13,4,
2940,50,13,4,
2941,50,13,4,
2942,50,13,4,
2943,50,13,4,
2944,50,13,4,
2945,50,13,4,
2946,50,13,4,
2947,50,13,4,
2948,50,13,4,
2949,50,13,4,
2950,50,13,4,
2951,50,13,4,
2952,50,13,4,
2953,50,13,4,
2954,50,13,4,
2955,50,13,4,
2956,50,13,4,
2957,50,13,4,
2958,50,13,4,
2959,50,13,4,
2960,50,13,4,
2961,50,13,4,
2962,50,13,4,
2963,50,13,4,
2964,50,13,4,
2965,50,13,4,
2966,50,13,4,
2967,50,13,4,
2968,50,13,4,
2969,50,13,4,
2970,50,13,4,
2971,50,13,4,
2972,50,13,4,
2973,50,13,4,
2974,50,13,4,
2975,50,13,4,
2976,50,13,4,
2977,50,13,4,
2978,50,13,4,
2979,50,13,4,
2980,50,13,4,
2981,50,13,4,
2982,50,13,4,
2983,50,13,4,
2984,50,13,4,
2985,50,13,4,
2986,50,13,4,
2987,50,13,4,
2988,50,13,4,
2989,50,13,4,
2990,50,13,4,
2991,50,13,4,
2992,50,13,4,
2993,50,13,4,
2994,50,13,4,
2995,50,13,4,
2996,50,13,4,
2997,50,13,4,
2998,50,13,4,
2999,50,13,4,
3000,50,13,4,
3001,50,13,4,
3002,50,13,4,
3003,50,13,4,
3004,50,13,4,
3005,50,13,4,
3006,50,13,4,
3007,50,13,4,
3008,50,13,4,
3009,50,13,4,
3010,50,13,4,
3011,50,13,4,
3012,50,13,4,
3013,50,13,4,
3014,50,13,4,
3015,50,13,4,
3016,50,13,4,
3017,50,13,4,
3018,50,13,4,
3019,50,13,4,
3020,50,13,4,
3021,50,13,4,
3022,50,13,4,
3023,50,13,4,
3024,50,13,4,
3025,50,13,4,
3026,50,13,4,
3027,50,13,4,
3028,50,13,4,
3029,50,13,4,
3030,50,13,4,
3031,50,13,4,
3032,50,13,4,
3033,50,13,4,
3034,50,13,4,
3035,50,13,4,
3036,50,13,4,
3037,50,13,4,
3038,50,13,4,
3039,50,13,4,
3040,50,13,4,
3041,50,13,4,
3042,50,13,4,
3043,50,13,4,
3044,50,13,4,
3045,50,13,4,
3046,50,13,4,
3047,50,13,4,
3048,50,13,4,
3049,50,13,4,
3050,50,13,4,
3051,50,13,4,
3052,50,13,4,
3053,50,13,4,
3054,50,13,4,
3055,50,13,4,
3056,50,13,4,
3057,50,13,4,
3058,50,13,4,
3059,50,13,4,
3060,50,13,4,
3061,50,13,4,
3062,50,13,4,
3063,50,13,4,
3064,50,13,4,
3065,50,13,4,
3066,50,13,4,
3067,50,13,4,
3068,50,13,4,
3069,50,13,4,
3070,50,13,4,
3071,50,13,4,
3072,50,13,4,
3073,50,13,4,
3074,50,13,4,
3075,50,13,4,
3076,50,13,4,
3077,50,13,4,
3078,50,13,4,
3079,50,13,4,
3080,50,13,4,
3081,50,13,4,
3082,50,13,4,
3083,50,13,4,
3084,50,13,4,
3085,50,13,4,
3086,50,13,4,
3087,50,13,4,
3088,50,13,4,
3089,50,13,4,
3090,50,13,4,
3091,50,13,4,
3092,50,13,4,
3093,50,13,4,
3094,50,13,4,
3095,50,13,4,
3096,50,13,4,
3097,50,13,4,
3098,50,13,4,
3099,50,13,4,
3100,50,13,4,
3101,50,13,4,
3102,50,13,4,
3103,50,13,4,
3104,50,13,4,
3105,50,13,4,
3106,50,13,4,
3107,50,13,4,
3108,50,13,4,
3109,50,13,4,
3110,50,13,4,
3111,50,13,4,
3112,50,13,4,
3113,50,13,4,
3114,50,13,4,
3115,50,13,4,
3116,50,13,4,
3117,50,13,4,
3118,50,13,4,
3119,50,13,4,
3120,50,13,4,
3121,50,13,4,
3122,50,13,4,
3123,50,13,4,
3124,50,13,4,
3125,50,13,4,
3126,50,13,4,
3127,50,13,4,
3128,50,13,4,
3129,50,13,4,
3130,50,13,4,
3131,50,13,4,
3132,50,13,4,
3133,50,13,4,
3134,50,13,4,
3135,50,13,4,
3136,50,13,4,
3137,50,13,4,
3138,50,13,4,
3139,50,13,4,
3140,50,13,4,
3141,50,13,4,
3142,50,13,4,
3143,50,13,4,
3144,50,13,4,
3145,50,13,4,
3146,50,13,4,
3147,50,13,4,
3148,50,13,4,
3149,50,13,4,
3150,50,13,4,
3151,50,13,4,
3152,50,13,4,
3153,50,13,4,
3154,50,13,4,
3155,50,13,4,
3156,50,13,4,
3157,50,13,4,
3158,50,13,4,
3159,50,13,4,
3160,50,13,4,
3161,50,13,4,
3162,50,13,4,
3163,50,13,4,
3164,50,13,4,
3165,50,13,4,
3166,50,13,4,
3167,50,13,4,
3168,50,13,4,
3169,50,13,4,
3170,50,13,4,
3171,50,13,4,
3172,50,13,4,
3173,50,13,4,
3174,50,13,4,
3175,50,13,4,
3176,50,13,4,
3177,50,13,4,
3178,50,13,4,
3179,50,13,4,
3180,50,13,4,
3181,50,13,4,
3182,50,13,4,
3183,50,13,4,
3184,50,13,4,
3185,50,13,4,
3186,50,13,4,
3187,50,13,4,
3188,50,13,4,
3189,50,13,4,
3190,50,13,4,
3191,50,13,4,
3192,50,13,4,
3193,50,13,4,
3194,50,13,4,
3195,50,13,4,
3196,50,13,4,
3197,50,13,4,
3198,50,13,4,
3199,50,13,4,
3200,50,13,4,
3201,50,13,4,
3202,50,13,4,
3203,50,13,4,
3204,50,13,4,
3205,50,13,4,
3206,50,13,4,
3207,50,13,4,
3208,50,13,4,
3209,50,13,4,
3210,50,13,4,
3211,50,13,4,
3212,50,13,4,
3213,50,13,4,
3214,50,13,4,
3215,50,13,4,
3216,50,13,4,
3217,50,13,4,
3218,50,13,4,
3219,50,13,4,
3220,50,13,4,
3221,50,13,4,
3222,50,13,4,
3223,50,13,4,
3224,50,13,4,
3225,50,13,4,
3226,50,13,4,
3227,50,13,4,
3228,50,13,4,
3229,50,13,4,
3230,50,13,4,
3231,50,13,4,
3232,50,13,4,
3233,50,13,4,
3234,50,13,4,
3235,50,13,4,
3236,50,13,4,
3237,50,13,4,
3238,50,13,4,
3239,50,13,4,
3240,50,13,4,
3241,50,13,4,
3242,50,13,4,
3243,50,13,4,
3244,50,13,4,
3245,50,13,4,
3246,50,13,4,
3247,50,13,4,
3248,50,13,4,
3249,50,13,4,
3250,50,13,4,
3251,50,13,4,
3252,50,13,4,
3253,50,13,4,
3254,50,13,4,
3255,50,13,4,
3256,50,13,4,
3257,50,13,4,
3258,50,13,4,
3259,50,13,4,
3260,50,13,4,
3261,50,13,4,
3262,50,13,4,
3263,50,13,4,
3264,50,13,4,
3265,50,13,4,
3266,50,13,4,
3267,50,13,4,
3268,50,13,4,
3269,50,13,4,
3270,50,13,4,
3271,50,13,4,
3272,50,13,4,
3273,50,13,4,
3274,50,13,4,
3275,50,13,4,
3276,50,13,4,
3277,50,13,4,
3278,50,13,4,
3279,50,13,4,
3280,50,13,4,
3281,50,13,4,
3282,50,13,4,
3283,50,13,4,
3284,50,13,4,
3285,50,13,4,
3286,50,13,4,
3287,50,13,4,
3288,50,13,4,
3289,50,13,4,
3290,50,13,4,
3291,50,13,4,
3292,50,13,4,
3293,50,13,4,
3294,50,13,4,
3295,50,13,4,
3296,50,13,4,
3297,50,13,4,
3298,50,13,4,
3299,50,13,4,
3300,50,13,4,
3301,50,13,4,
3302,50,13,4,
3303,50,13,4,
3304,50,13,4,
3305,50,13,4,
3306,50,13,4,
3307,50,13,4,
3308,50,13,4,
3309,50,13,4,
3310,50,13,4,
3311,50,13,4,
3312,50,13,4,
3313,50,13,4,
3314,50,13,4,
3315,50,13,4,
3316,50,13,4,
3317,50,13,4,
3318,50,13,4,
3319,50,13,4,
3320,50,13,4,
3321,50,13,4,
3322,50,13,4,
3323,50,13,4,
3324,50,13,4,
3325,50,13,4,
3326,50,13,4,
3327,50,13,4,
3328,50,13,4,
3329,50,13,4,
3330,50,13,4,
3331,50,13,4,
3332,50,13,4,
3333,50,13,4,
3334,50,13,4,
3335,50,13,4,
3336,50,13,4,
3337,50,13,4,
3338,50,13,4,
3339,50,13,4,
3340,50,13,4,
3341,50,13,4,
3342,50,13,4,
3343,50,13,4,
3344,50,13,4,
3345,50,13,4,
3346,50,13,4,
3347,50,13,4,
3348,50,13,4,
3349,50,13,4,
3350,50,13,4,
3351,50,13,4,
3352,50,13,4,
3353,50,13,4,
3354,50,13,4,
3355,50,13,4,
3356,50,13,4,
3357,50,13,4,
3358,50,13,4,
3359,50,13,4,
3360,50,13,4,
3361,50,13,4,
3362,50,13,4,
3363,50,13,4,
3364,50,13,4,
3365,50,13,4,
3366,50,13,4,
3367,50,13,4,
3368,50,13,4,
3369,50,13,4,
3370,50,13,4,
3371,50,13,4,
3372,50,13,4,
3373,50,13,4,
3374,50,13,4,
3375,50,13,4,
3376,50,13,4,
3377,50,13,4,
3378,50,13,4,
3379,50,13,4,
3380,50,13,4,
3381,50,13,4,
3382,50,13,4,
3383,50,13,4,
3384,50,13,4,
3385,50,13,4,
3386,50,13,4,
3387,50,13,4,
3388,50,13,4,
3389,50,13,4,
3390,50,13,4,
3391,50,13,4,
3392,50,13,4,
3393,50,13,4,
3394,50,13,4,
3395,50,13,4,
3396,50,13,4,
3397,50,13,4,
3398,50,13,4,
3399,50,13,4,
3400,50,13,4,
3401,50,13,4,
3402,50,13,4,
3403,50,13,4,
3404,50,13,4,
3405,50,13,4,
3406,50,13,4,
3407,50,13,4,
3408,50,13,4,
3409,50,13,4,
3410,50,13,4,
3411,50,13,4,
3412,50,13,4,
3413,50,13,4,
3414,50,13,4,
3415,50,13,4,
3416,50,13,4,
3417,50,13,4,
3418,50,13,4,
3419,50,13,4,
3420,50,13,4,
3421,50,13,4,
3422,50,13,4,
3423,50,13,4,
3424,50,13,4,
3425,50,13,4,
3426,50,13,4,
3427,50,13,4,
3428,50,13,4,
3429,50,13,4,
3430,50,13,4,
3431,50,13,4,
3432,50,13,4,
3433,50,13,4,
3434,50,13,4,
3435,50,13,4,
3436,50,13,4,
3437,50,13,4,
3438,50,13,4,
3439,50,13,4,
3440,50,13,4,
3441,50,13,4,
3442,50,13,4,
3443,50,13,4,
3444,50,13,4,
3445,50,13,4,
3446,50,13,4,
3447,50,13,4,
3448,50,13,4,
3449,50,13,4,
3450,50,13,4,
3451,50,13,4,
3452,50,13,4,
3453,50,13,4,
3454,50,13,4,
3455,50,13,4,
3456,50,13,4,
3457,50,13,4,
3458,50,13,4,
3459,50,13,4,
3460,50,13,4,
3461,50,13,4,
3462,50,13,4,
3463,50,13,4,
3464,50,13,4,
3465,50,13,4,
3466,50,13,4,
3467,50,13,4,
3468,50,13,4,
3469,50,13,4,
3470,50,13,4,
3471,50,13,4,
3472,50,13,4,
3473,50,13,4,
3474,50,13,4,
3475,50,13,4,
3476,50,13,4,
3477,50,13,4,
3478,50,13,4,
3479,50,13,4,
3480,50,13,4,
3481,50,13,4,
3482,50,13,4,
3483,50,13,4,
3484,50,13,4,
3485,50,13,4,
3486,50,13,4,
3487,50,13,4,
3488,50,13,4,
3489,50,13,4,
3490,50,13,4,
3491,50,13,4,
3492,50,13,4,
3493,50,13,4,
3494,50,13,4,
3495,50,13,4,
3496,50,13,4,
3497,50,13,4,
3498,50,13,4,
3499,50,13,4,
3500,50,13,4,
3501,50,13,4,
3502,50,13,4,
3503,50,13,4,
3504,50,13,4,
3505,50,13,4,
3506,50,13,4,
3507,50,13,4,
3508,50,13,4,
3509,50,13,4,
3510,50,13,4,
3511,50,13,4,
3512,50,13,4,
3513,50,13,4,
3514,50,13,4,
3515,50,13,4,
3516,50,13,4,
3517,50,13,4,
3518,50,13,4,
3519,50,13,4,
3520,50,13,4,
3521,50,13,4,
3522,50,13,4,
3523,50,13,4,
3524,50,13,4,
3525,50,13,4,
3526,50,13,4,
3527,50,13,4,
3528,50,13,4,
3529,50,13,4,
3530,50,13,4,
3531,50,13,4,
3532,50,13,4,
3533,50,13,4,
3534,50,13,4,
3535,50,13,4,
3536,50,13,4,
3537,50,13,4,
3538,50,13,4,
3539,50,13,4,
3540,50,13,4,
3541,50,13,4,
3542,50,13,4,
3543,50,13,4,
3544,50,13,4,
3545,50,13,4,
3546,50,13,4,
3547,50,13,4,
3548,50,13,4,
3549,50,13,4,
3550,50,13,4,
3551,50,13,4,
3552,50,13,4,
3553,50,13,4,
3554,50,13,4,
3555,50,13,4,
3556,50,13,4,
3557,50,13,4,
3558,50,13,4,
3559,50,13,4,
3560,50,13,4,
3561,50,13,4,
3562,50,13,4,
3563,50,13,4,
3564,50,13,4,
3565,50,13,4,
3566,50,13,4,
3567,50,13,4,
3568,50,13,4,
3569,50,13,4,
3570,50,13,4,
3571,50,13,4,
3572,50,13,4,
3573,50,13,4,
3574,50,13,4,
3575,50,13,4,
3576,50,13,4,
3577,50,13,4,
3578,50,13,4,
3579,50,13,4,
3580,50,13,4,
3581,50,13,4,
3582,50,13,4,
3583,50,13,4,
3584,50,13,4,
3585,50,13,4,
3586,50,13,4,
3587,50,13,4,
3588,50,13,4,
3589,50,13,4,
3590,50,13,4,
3591,50,13,4,
3592,50,13,4,
3593,50,13,4,
3594,50,13,4,
3595,50,13,4,
3596,50,13,4,
3597,50,13,4,
3598,50,13,4,
3599,50,13,4,
3600,50,13,4,
3601,50,13,4,
3602,50,13,4,
3603,50,13,4,
3604,50,13,4,
3605,50,13,4,
3606,50,13,4,
3607,50,13,4,
3608,50,13,4,
3609,50,13,4,
3610,50,13,4,
3611,50,13,4,
3612,50,13,4,
3613,50,13,4,
3614,50,13,4,
3615,50,13,4,
3616,50,13,4,
3617,50,13,4,
3618,50,13,4,
3619,50,13,4,
3620,50,13,4,
3621,50,13,4,
3622,50,13,4,
3623,50,13,4,
3624,50,13,4,
3625,50,13,4,
3626,50,13,4,
3627,50,13,4,
3628,50,13,4,
3629,50,13,4,
3630,50,13,4,
3631,50,13,4,
3632,50,13,4,
3633,50,13,4,
3634,50,13,4,
3635,50,13,4,
3636,50,13,4,
3637,50,13,4,
3638,50,13,4,
3639,50,13,4,
3640,50,13,4,
3641,50,13,4,
3642,50,13,4,
3643,50,13,4,
3644,50,13,4,
3645,50,13,4,
3646,50,13,4,
3647,50,13,4,
3648,50,13,4,
3649,50,13,4,
3650,50,13,4,
3651,50,13,4,
3652,50,13,4,
3653,50,13,4,
3654,50,13,4,
3655,50,13,4,
3656,50,13,4,
3657,50,13,4,
3658,50,13,4,
3659,50,13,4,
3660,50,13,4,
3661,50,13,4,
3662,50,13,4,
3663,50,13,4,
3664,50,13,4,
3665,50,13,4,
3666,50,13,4,
3667,50,13,4,
3668,50,13,4,
3669,50,13,4,
3670,50,13,4,
3671,50,13,4,
3672,50,13,4,
3673,50,13,4,
3674,50,13,4,
3675,50,13,4,
3676,50,13,4,
3677,50,13,4,
3678,50,13,4,
3679,50,13,4,
3680,50,13,4,
3681,50,13,4,
3682,50,13,4,
3683,50,13,4,
3684,50,13,4,
3685,50,13,4,
3686,50,13,4,
3687,50,13,4,
3688,50,13,4,
3689,50,13,4,
3690,50,13,4,
3691,50,13,4,
3692,50,13,4,
3693,50,13,4,
3694,50,13,4,
3695,50,13,4,
3696,50,13,4,
3697,50,13,4,
3698,50,13,4,
3699,50,13,4,
3700,50,13,4,
3701,50,13,4,
3702,50,13,4,
3703,50,13,4,
3704,50,13,4,
3705,50,13,4,
3706,50,13,4,
3707,50,13,4,
3708,50,13,4,
3709,50,13,4,
3710,50,13,4,
3711,50,13,4,
3712,50,13,4,
3713,50,13,4,
3714,50,13,4,
3715,50,13,4,
3716,50,13,4,
3717,50,13,4,
3718,50,13,4,
3719,50,13,4,
3720,50,13,4,
3721,50,13,4,
3722,50,13,4,
3723,50,13,4,
3724,50,13,4,
3725,50,13,4,
3726,50,13,4,
3727,50,13,4,
3728,50,13,4,
3729,50,13,4,
3730,50,13,4,
3731,50,13,4,
3732,50,13,4,
3733,50,13,4,
3734,50,13,4,
3735,50,13,4,
3736,50,13,4,
3737,50,13,4,
3738,50,13,4,
3739,50,13,4,
3740,50,13,4,
3741,50,13,4,
3742,50,13,4,
3743,50,13,4,
3744,50,13,4,
3745,50,13,4,
3746,50,13,4,
3747,50,13,4,
3748,50,13,4,
3749,50,13,4,
3750,50,13,4,
3751,50,13,4,
3752,50,13,4,
3753,50,13,4,
3754,50,13,4,
3755,50,13,4,
3756,50,13,4,
3757,50,13,4,
3758,50,13,4,
3759,50,13,4,
3760,50,13,4,
3761,50,13,4,
3762,50,13,4,
3763,50,13,4,
3764,50,13,4,
3765,50,13,4,
3766,50,13,4,
3767,50,13,4,
3768,50,13,4,
3769,50,13,4,
3770,50,13,4,
3771,50,13,4,
3772,50,13,4,
3773,50,13,4,
3774,50,13,4,
3775,50,13,4,
3776,50,13,4,
3777,50,13,4,
3778,50,13,4,
3779,50,13,4,
3780,50,13,4,
3781,50,13,4,
3782,50,13,4,
3783,50,13,4,
3784,50,13,4,
3785,50,13,4,
3786,50,13,4,
3787,50,13,4,
3788,50,13,4,
3789,50,13,4,
3790,50,13,4,
3791,50,13,4,
3792,50,13,4,
3793,50,13,4,
3794,50,13,4,
3795,50,13,4,
3796,50,13,4,
3797,50,13,4,
3798,50,13,4,
3799,50,13,4,
3800,50,13,4,
3801,50,13,4,
3802,50,13,4,
3803,50,13,4,
3804,50,13,4,
3805,50,13,4,
3806,50,13,4,
3807,50,13,4,
3808,50,13,4,
3809,50,13,4,
3810,50,13,4,
3811,50,13,4,
3812,50,13,4,
3813,50,13,4,
3814,50,13,4,
3815,50,13,4,
3816,50,13,4,
3817,50,13,4,
3818,50,13,4,
3819,50,13,4,
3820,50,13,4,
3821,50,13,4,
3822,50,13,4,
3823,50,13,4,
3824,50,13,4,
3825,50,13,4,
3826,50,13,4,
3827,50,13,4,
3828,50,13,4,
3829,50,13,4,
3830,50,13,4,
3831,50,13,4,
3832,50,13,4,
3833,50,13,4,
3834,50,13,4,
3835,50,13,4,
3836,50,13,4,
3837,50,13,4,
3838,50,13,4,
3839,50,13,4,
3840,50,13,4,
3841,50,13,4,
3842,50,13,4,
3843,50,13,4,
3844,50,13,4,
3845,50,13,4,
3846,50,13,4,
3847,50,13,4,
3848,50,13,4,
3849,50,13,4,
3850,50,13,4,
3851,50,13,4,
3852,50,13,4,
3853,50,13,4,
3854,50,13,4,
3855,50,13,4,
3856,50,13,4,
3857,50,13,4,
3858,50,13,4,
3859,50,13,4,
3860,50,13,4,
3861,50,13,4,
3862,50,13,4,
3863,50,13,4,
3864,50,13,4,
3865,50,13,4,
3866,50,13,4,
3867,50,13,4,
3868,50,13,4,
3869,50,13,4,
3870,50,13,4,
3871,50,13,4,
3872,50,13,4,
3873,50,13,4,
3874,50,13,4,
3875,50,13,4,
3876,50,13,4,
3877,50,13,4,
3878,50,13,4,
3879,50,13,4,
3880,50,13,4,
3881,50,13,4,
3882,50,13,4,
3883,50,13,4,
3884,50,13,4,
3885,50,13,4,
3886,50,13,4,
3887,50,13,4,
3888,50,13,4,
3889,50,13,4,
3890,50,13,4,
3891,50,13,4,
3892,50,13,4,
3893,50,13,4,
3894,50,13,4,
3895,50,13,4,
3896,50,13,4,
3897,50,13,4,
3898,50,13,4,
3899,50,13,4,
3900,50,13,4,
3901,50,13,4,
3902,50,13,4,
3903,50,13,4,
3904,50,13,4,
3905,50,13,4,
3906,50,13,4,
3907,50,13,4,
3908,50,13,4,
3909,50,13,4,
3910,50,13,4,
3911,50,13,4,
3912,50,13,4,
3913,50,13,4,
3914,50,13,4,
3915,50,13,4,
3916,50,13,4,
3917,50,13,4,
3918,50,13,4,
3919,50,13,4,
3920,50,13,4,
3921,50,13,4,
3922,50,13,4,
3923,50,13,4,
3924,50,13,4,
3925,50,13,4,
3926,50,13,4,
3927,50,13,4,
3928,50,13,4,
3929,50,13,4,
3930,50,13,4,
3931,50,13,4,
3932,50,13,4,
3933,50,13,4,
3934,50,13,4,
3935,50,13,4,
3936,50,13,4,
3937,50,13,4,
3938,50,13,4,
3939,50,13,4,
3940,50,13,4,
3941,50,13,4,
3942,50,13,4,
3943,50,13,4,
3944,50,13,4,
3945,50,13,4,
3946,50,13,4,
3947,50,13,4,
3948,50,13,4,
3949,50,13,4,
3950,50,13,4,
3951,50,13,4,
3952,50,13,4,
3953,50,13,4,
3954,50,13,4,
3955,50,13,4,
3956,50,13,4,
3957,50,13,4,
3958,50,13,4,
3959,50,13,4,
3960,50,13,4,
3961,50,13,4,
3962,50,13,4,
3963,50,13,4,
3964,50,13,4,
3965,50,13,4,
3966,50,13,4,
3967,50,13,4,
3968,50,13,4,
3969,50,13,4,
3970,50,13,4,
3971,50,13,4,
3972,50,13,4,
3973,50,13,4,
3974,50,13,4,
3975,50,13,4,
3976,50,13,4,
3977,50,13,4,
3978,50,13,4,
3979,50,13,4,
3980,50,13,4,
3981,50,13,4,
3982,50,13,4,
3983,50,13,4,
3984,50,13,4,
3985,50,13,4,
3986,50,13,4,
3987,50,13,4,
3988,50,13,4,
3989,50,13,4,
3990,50,13,4,
3991,50,13,4,
3992,50,13,4,
3993,50,13,4,
3994,50,13,4,
3995,50,13,4,
3996,50,13,4,
3997,50,13,4,
3998,50,13,4,
3999,50,13,4
